{
 "cells": [
  {
   "cell_type": "code",
   "execution_count": 1,
   "id": "247f67d9",
   "metadata": {
    "execution": {
     "iopub.execute_input": "2024-02-04T20:35:35.471070Z",
     "iopub.status.busy": "2024-02-04T20:35:35.470682Z",
     "iopub.status.idle": "2024-02-04T20:35:36.491817Z",
     "shell.execute_reply": "2024-02-04T20:35:36.490580Z"
    },
    "papermill": {
     "duration": 1.032357,
     "end_time": "2024-02-04T20:35:36.494130",
     "exception": false,
     "start_time": "2024-02-04T20:35:35.461773",
     "status": "completed"
    },
    "tags": []
   },
   "outputs": [
    {
     "data": {
      "text/html": [
       "<div>\n",
       "<style scoped>\n",
       "    .dataframe tbody tr th:only-of-type {\n",
       "        vertical-align: middle;\n",
       "    }\n",
       "\n",
       "    .dataframe tbody tr th {\n",
       "        vertical-align: top;\n",
       "    }\n",
       "\n",
       "    .dataframe thead th {\n",
       "        text-align: right;\n",
       "    }\n",
       "</style>\n",
       "<table border=\"1\" class=\"dataframe\">\n",
       "  <thead>\n",
       "    <tr style=\"text-align: right;\">\n",
       "      <th></th>\n",
       "      <th>Date</th>\n",
       "      <th>Natural_Gas_Price</th>\n",
       "      <th>Natural_Gas_Vol.</th>\n",
       "      <th>Crude_oil_Price</th>\n",
       "      <th>Crude_oil_Vol.</th>\n",
       "      <th>Copper_Price</th>\n",
       "      <th>Copper_Vol.</th>\n",
       "      <th>Bitcoin_Price</th>\n",
       "      <th>Bitcoin_Vol.</th>\n",
       "      <th>Platinum_Price</th>\n",
       "      <th>...</th>\n",
       "      <th>Berkshire_Price</th>\n",
       "      <th>Berkshire_Vol.</th>\n",
       "      <th>Netflix_Price</th>\n",
       "      <th>Netflix_Vol.</th>\n",
       "      <th>Amazon_Price</th>\n",
       "      <th>Amazon_Vol.</th>\n",
       "      <th>Meta_Price</th>\n",
       "      <th>Meta_Vol.</th>\n",
       "      <th>Gold_Price</th>\n",
       "      <th>Gold_Vol.</th>\n",
       "    </tr>\n",
       "  </thead>\n",
       "  <tbody>\n",
       "    <tr>\n",
       "      <th>0</th>\n",
       "      <td>2019-02-04</td>\n",
       "      <td>2.660</td>\n",
       "      <td>116490.0</td>\n",
       "      <td>54.56</td>\n",
       "      <td>622470.0</td>\n",
       "      <td>2.7975</td>\n",
       "      <td>490.0</td>\n",
       "      <td>3462.8</td>\n",
       "      <td>503920.0</td>\n",
       "      <td>822.50</td>\n",
       "      <td>...</td>\n",
       "      <td>312000</td>\n",
       "      <td>310.0</td>\n",
       "      <td>351.34</td>\n",
       "      <td>9050000.0</td>\n",
       "      <td>81.67</td>\n",
       "      <td>98580000.0</td>\n",
       "      <td>169.25</td>\n",
       "      <td>20040000.0</td>\n",
       "      <td>1319.3</td>\n",
       "      <td>159560.0</td>\n",
       "    </tr>\n",
       "    <tr>\n",
       "      <th>1</th>\n",
       "      <td>2019-02-05</td>\n",
       "      <td>2.662</td>\n",
       "      <td>82250.0</td>\n",
       "      <td>53.66</td>\n",
       "      <td>609760.0</td>\n",
       "      <td>2.8205</td>\n",
       "      <td>90.0</td>\n",
       "      <td>3468.4</td>\n",
       "      <td>460950.0</td>\n",
       "      <td>821.35</td>\n",
       "      <td>...</td>\n",
       "      <td>310700</td>\n",
       "      <td>360.0</td>\n",
       "      <td>355.81</td>\n",
       "      <td>9050000.0</td>\n",
       "      <td>82.94</td>\n",
       "      <td>89060000.0</td>\n",
       "      <td>171.16</td>\n",
       "      <td>22560000.0</td>\n",
       "      <td>1319.2</td>\n",
       "      <td>129010.0</td>\n",
       "    </tr>\n",
       "    <tr>\n",
       "      <th>2</th>\n",
       "      <td>2019-02-06</td>\n",
       "      <td>2.662</td>\n",
       "      <td>98330.0</td>\n",
       "      <td>54.01</td>\n",
       "      <td>606720.0</td>\n",
       "      <td>2.8400</td>\n",
       "      <td>100.0</td>\n",
       "      <td>3404.3</td>\n",
       "      <td>514210.0</td>\n",
       "      <td>807.10</td>\n",
       "      <td>...</td>\n",
       "      <td>308810</td>\n",
       "      <td>120.0</td>\n",
       "      <td>352.19</td>\n",
       "      <td>6720000.0</td>\n",
       "      <td>82.01</td>\n",
       "      <td>78800000.0</td>\n",
       "      <td>170.49</td>\n",
       "      <td>13280000.0</td>\n",
       "      <td>1314.4</td>\n",
       "      <td>137250.0</td>\n",
       "    </tr>\n",
       "    <tr>\n",
       "      <th>3</th>\n",
       "      <td>2019-02-07</td>\n",
       "      <td>2.551</td>\n",
       "      <td>211790.0</td>\n",
       "      <td>52.64</td>\n",
       "      <td>749010.0</td>\n",
       "      <td>2.8320</td>\n",
       "      <td>320.0</td>\n",
       "      <td>3397.7</td>\n",
       "      <td>471360.0</td>\n",
       "      <td>800.80</td>\n",
       "      <td>...</td>\n",
       "      <td>302813</td>\n",
       "      <td>240.0</td>\n",
       "      <td>344.71</td>\n",
       "      <td>7860000.0</td>\n",
       "      <td>80.72</td>\n",
       "      <td>92530000.0</td>\n",
       "      <td>166.38</td>\n",
       "      <td>17520000.0</td>\n",
       "      <td>1314.2</td>\n",
       "      <td>166760.0</td>\n",
       "    </tr>\n",
       "    <tr>\n",
       "      <th>4</th>\n",
       "      <td>2019-02-08</td>\n",
       "      <td>2.583</td>\n",
       "      <td>147880.0</td>\n",
       "      <td>52.72</td>\n",
       "      <td>621000.0</td>\n",
       "      <td>2.8140</td>\n",
       "      <td>270.0</td>\n",
       "      <td>3661.7</td>\n",
       "      <td>699230.0</td>\n",
       "      <td>802.20</td>\n",
       "      <td>...</td>\n",
       "      <td>300771</td>\n",
       "      <td>240.0</td>\n",
       "      <td>347.57</td>\n",
       "      <td>7560000.0</td>\n",
       "      <td>79.41</td>\n",
       "      <td>113150000.0</td>\n",
       "      <td>167.33</td>\n",
       "      <td>12560000.0</td>\n",
       "      <td>1318.5</td>\n",
       "      <td>150610.0</td>\n",
       "    </tr>\n",
       "  </tbody>\n",
       "</table>\n",
       "<p>5 rows × 38 columns</p>\n",
       "</div>"
      ],
      "text/plain": [
       "        Date  Natural_Gas_Price  Natural_Gas_Vol.  Crude_oil_Price  \\\n",
       "0 2019-02-04              2.660          116490.0            54.56   \n",
       "1 2019-02-05              2.662           82250.0            53.66   \n",
       "2 2019-02-06              2.662           98330.0            54.01   \n",
       "3 2019-02-07              2.551          211790.0            52.64   \n",
       "4 2019-02-08              2.583          147880.0            52.72   \n",
       "\n",
       "   Crude_oil_Vol.  Copper_Price  Copper_Vol.  Bitcoin_Price  Bitcoin_Vol.  \\\n",
       "0        622470.0        2.7975        490.0         3462.8      503920.0   \n",
       "1        609760.0        2.8205         90.0         3468.4      460950.0   \n",
       "2        606720.0        2.8400        100.0         3404.3      514210.0   \n",
       "3        749010.0        2.8320        320.0         3397.7      471360.0   \n",
       "4        621000.0        2.8140        270.0         3661.7      699230.0   \n",
       "\n",
       "   Platinum_Price  ...  Berkshire_Price  Berkshire_Vol.  Netflix_Price  \\\n",
       "0          822.50  ...           312000           310.0         351.34   \n",
       "1          821.35  ...           310700           360.0         355.81   \n",
       "2          807.10  ...           308810           120.0         352.19   \n",
       "3          800.80  ...           302813           240.0         344.71   \n",
       "4          802.20  ...           300771           240.0         347.57   \n",
       "\n",
       "   Netflix_Vol.  Amazon_Price  Amazon_Vol.  Meta_Price   Meta_Vol.  \\\n",
       "0     9050000.0         81.67   98580000.0      169.25  20040000.0   \n",
       "1     9050000.0         82.94   89060000.0      171.16  22560000.0   \n",
       "2     6720000.0         82.01   78800000.0      170.49  13280000.0   \n",
       "3     7860000.0         80.72   92530000.0      166.38  17520000.0   \n",
       "4     7560000.0         79.41  113150000.0      167.33  12560000.0   \n",
       "\n",
       "   Gold_Price  Gold_Vol.  \n",
       "0      1319.3   159560.0  \n",
       "1      1319.2   129010.0  \n",
       "2      1314.4   137250.0  \n",
       "3      1314.2   166760.0  \n",
       "4      1318.5   150610.0  \n",
       "\n",
       "[5 rows x 38 columns]"
      ]
     },
     "execution_count": 1,
     "metadata": {},
     "output_type": "execute_result"
    }
   ],
   "source": [
    "import numpy as np\n",
    "import pandas as pd\n",
    "\n",
    "from warnings import filterwarnings\n",
    "filterwarnings(action='ignore', category=FutureWarning)\n",
    "\n",
    "DATA = '/kaggle/input/2019-2024-us-stock-market-data/Stock Market Dataset.csv'\n",
    "\n",
    "df = pd.read_csv(filepath_or_buffer=DATA, index_col=[0], parse_dates=['Date'], thousands=',', date_format='%d-%m-%Y')\n",
    "df = df.sort_values(by='Date', ascending=True).reset_index(drop=True)\n",
    "\n",
    "df.head()"
   ]
  },
  {
   "cell_type": "code",
   "execution_count": 2,
   "id": "ced30dd4",
   "metadata": {
    "execution": {
     "iopub.execute_input": "2024-02-04T20:35:36.506976Z",
     "iopub.status.busy": "2024-02-04T20:35:36.506604Z",
     "iopub.status.idle": "2024-02-04T20:35:36.539569Z",
     "shell.execute_reply": "2024-02-04T20:35:36.538499Z"
    },
    "papermill": {
     "duration": 0.042582,
     "end_time": "2024-02-04T20:35:36.542356",
     "exception": false,
     "start_time": "2024-02-04T20:35:36.499774",
     "status": "completed"
    },
    "tags": []
   },
   "outputs": [
    {
     "data": {
      "text/html": [
       "<div>\n",
       "<style scoped>\n",
       "    .dataframe tbody tr th:only-of-type {\n",
       "        vertical-align: middle;\n",
       "    }\n",
       "\n",
       "    .dataframe tbody tr th {\n",
       "        vertical-align: top;\n",
       "    }\n",
       "\n",
       "    .dataframe thead th {\n",
       "        text-align: right;\n",
       "    }\n",
       "</style>\n",
       "<table border=\"1\" class=\"dataframe\">\n",
       "  <thead>\n",
       "    <tr style=\"text-align: right;\">\n",
       "      <th></th>\n",
       "      <th>Date</th>\n",
       "      <th>Natural_Gas_Price</th>\n",
       "      <th>Crude_oil_Price</th>\n",
       "      <th>Copper_Price</th>\n",
       "      <th>Bitcoin_Price</th>\n",
       "      <th>Platinum_Price</th>\n",
       "      <th>Ethereum_Price</th>\n",
       "      <th>S&amp;P_500_Price</th>\n",
       "      <th>Nasdaq_100_Price</th>\n",
       "      <th>Apple_Price</th>\n",
       "      <th>Tesla_Price</th>\n",
       "      <th>Microsoft_Price</th>\n",
       "      <th>Silver_Price</th>\n",
       "      <th>Google_Price</th>\n",
       "      <th>Nvidia_Price</th>\n",
       "      <th>Berkshire_Price</th>\n",
       "      <th>Netflix_Price</th>\n",
       "      <th>Amazon_Price</th>\n",
       "      <th>Meta_Price</th>\n",
       "      <th>Gold_Price</th>\n",
       "    </tr>\n",
       "  </thead>\n",
       "  <tbody>\n",
       "    <tr>\n",
       "      <th>0</th>\n",
       "      <td>2019-02-04</td>\n",
       "      <td>2.660</td>\n",
       "      <td>54.56</td>\n",
       "      <td>2.7975</td>\n",
       "      <td>3462.8</td>\n",
       "      <td>822.50</td>\n",
       "      <td>107.90</td>\n",
       "      <td>2724.87</td>\n",
       "      <td>6959.96</td>\n",
       "      <td>42.81</td>\n",
       "      <td>20.86</td>\n",
       "      <td>105.74</td>\n",
       "      <td>15.886</td>\n",
       "      <td>57.07</td>\n",
       "      <td>37.30</td>\n",
       "      <td>312000</td>\n",
       "      <td>351.34</td>\n",
       "      <td>81.67</td>\n",
       "      <td>169.25</td>\n",
       "      <td>1319.3</td>\n",
       "    </tr>\n",
       "    <tr>\n",
       "      <th>1</th>\n",
       "      <td>2019-02-05</td>\n",
       "      <td>2.662</td>\n",
       "      <td>53.66</td>\n",
       "      <td>2.8205</td>\n",
       "      <td>3468.4</td>\n",
       "      <td>821.35</td>\n",
       "      <td>107.37</td>\n",
       "      <td>2737.70</td>\n",
       "      <td>7023.52</td>\n",
       "      <td>43.55</td>\n",
       "      <td>21.42</td>\n",
       "      <td>107.22</td>\n",
       "      <td>15.836</td>\n",
       "      <td>57.59</td>\n",
       "      <td>37.49</td>\n",
       "      <td>310700</td>\n",
       "      <td>355.81</td>\n",
       "      <td>82.94</td>\n",
       "      <td>171.16</td>\n",
       "      <td>1319.2</td>\n",
       "    </tr>\n",
       "    <tr>\n",
       "      <th>2</th>\n",
       "      <td>2019-02-06</td>\n",
       "      <td>2.662</td>\n",
       "      <td>54.01</td>\n",
       "      <td>2.8400</td>\n",
       "      <td>3404.3</td>\n",
       "      <td>807.10</td>\n",
       "      <td>104.63</td>\n",
       "      <td>2731.61</td>\n",
       "      <td>6997.62</td>\n",
       "      <td>43.56</td>\n",
       "      <td>21.15</td>\n",
       "      <td>106.03</td>\n",
       "      <td>15.701</td>\n",
       "      <td>56.14</td>\n",
       "      <td>38.25</td>\n",
       "      <td>308810</td>\n",
       "      <td>352.19</td>\n",
       "      <td>82.01</td>\n",
       "      <td>170.49</td>\n",
       "      <td>1314.4</td>\n",
       "    </tr>\n",
       "    <tr>\n",
       "      <th>3</th>\n",
       "      <td>2019-02-07</td>\n",
       "      <td>2.551</td>\n",
       "      <td>52.64</td>\n",
       "      <td>2.8320</td>\n",
       "      <td>3397.7</td>\n",
       "      <td>800.80</td>\n",
       "      <td>104.55</td>\n",
       "      <td>2706.05</td>\n",
       "      <td>6904.98</td>\n",
       "      <td>42.73</td>\n",
       "      <td>20.50</td>\n",
       "      <td>105.27</td>\n",
       "      <td>15.713</td>\n",
       "      <td>55.30</td>\n",
       "      <td>36.85</td>\n",
       "      <td>302813</td>\n",
       "      <td>344.71</td>\n",
       "      <td>80.72</td>\n",
       "      <td>166.38</td>\n",
       "      <td>1314.2</td>\n",
       "    </tr>\n",
       "    <tr>\n",
       "      <th>4</th>\n",
       "      <td>2019-02-08</td>\n",
       "      <td>2.583</td>\n",
       "      <td>52.72</td>\n",
       "      <td>2.8140</td>\n",
       "      <td>3661.7</td>\n",
       "      <td>802.20</td>\n",
       "      <td>119.23</td>\n",
       "      <td>2707.88</td>\n",
       "      <td>6913.13</td>\n",
       "      <td>42.60</td>\n",
       "      <td>20.39</td>\n",
       "      <td>105.67</td>\n",
       "      <td>15.809</td>\n",
       "      <td>55.12</td>\n",
       "      <td>37.04</td>\n",
       "      <td>300771</td>\n",
       "      <td>347.57</td>\n",
       "      <td>79.41</td>\n",
       "      <td>167.33</td>\n",
       "      <td>1318.5</td>\n",
       "    </tr>\n",
       "  </tbody>\n",
       "</table>\n",
       "</div>"
      ],
      "text/plain": [
       "        Date  Natural_Gas_Price  Crude_oil_Price  Copper_Price  Bitcoin_Price  \\\n",
       "0 2019-02-04              2.660            54.56        2.7975         3462.8   \n",
       "1 2019-02-05              2.662            53.66        2.8205         3468.4   \n",
       "2 2019-02-06              2.662            54.01        2.8400         3404.3   \n",
       "3 2019-02-07              2.551            52.64        2.8320         3397.7   \n",
       "4 2019-02-08              2.583            52.72        2.8140         3661.7   \n",
       "\n",
       "   Platinum_Price  Ethereum_Price  S&P_500_Price  Nasdaq_100_Price  \\\n",
       "0          822.50          107.90        2724.87           6959.96   \n",
       "1          821.35          107.37        2737.70           7023.52   \n",
       "2          807.10          104.63        2731.61           6997.62   \n",
       "3          800.80          104.55        2706.05           6904.98   \n",
       "4          802.20          119.23        2707.88           6913.13   \n",
       "\n",
       "   Apple_Price  Tesla_Price  Microsoft_Price  Silver_Price  Google_Price  \\\n",
       "0        42.81        20.86           105.74        15.886         57.07   \n",
       "1        43.55        21.42           107.22        15.836         57.59   \n",
       "2        43.56        21.15           106.03        15.701         56.14   \n",
       "3        42.73        20.50           105.27        15.713         55.30   \n",
       "4        42.60        20.39           105.67        15.809         55.12   \n",
       "\n",
       "   Nvidia_Price  Berkshire_Price  Netflix_Price  Amazon_Price  Meta_Price  \\\n",
       "0         37.30           312000         351.34         81.67      169.25   \n",
       "1         37.49           310700         355.81         82.94      171.16   \n",
       "2         38.25           308810         352.19         82.01      170.49   \n",
       "3         36.85           302813         344.71         80.72      166.38   \n",
       "4         37.04           300771         347.57         79.41      167.33   \n",
       "\n",
       "   Gold_Price  \n",
       "0      1319.3  \n",
       "1      1319.2  \n",
       "2      1314.4  \n",
       "3      1314.2  \n",
       "4      1318.5  "
      ]
     },
     "execution_count": 2,
     "metadata": {},
     "output_type": "execute_result"
    }
   ],
   "source": [
    "price_columns = [column for column in df.columns if not column.endswith('Vol.')]\n",
    "price_df = df[price_columns]\n",
    "price_df.head()"
   ]
  },
  {
   "cell_type": "markdown",
   "id": "e4795baf",
   "metadata": {
    "papermill": {
     "duration": 0.005526,
     "end_time": "2024-02-04T20:35:36.553921",
     "exception": false,
     "start_time": "2024-02-04T20:35:36.548395",
     "status": "completed"
    },
    "tags": []
   },
   "source": [
    "Let's look at some price correlations; we sort of expect these groups to move together:\n",
    "* Commodities - gas, oil, and metals\n",
    "* Stocks including stock indices\n",
    "* Cryptocurrencies\n",
    "\n",
    "To a lesser degree we expect the cryptocurrencies to move with the stocks and against the commodities. "
   ]
  },
  {
   "cell_type": "code",
   "execution_count": 3,
   "id": "3ef3a6c3",
   "metadata": {
    "execution": {
     "iopub.execute_input": "2024-02-04T20:35:36.569159Z",
     "iopub.status.busy": "2024-02-04T20:35:36.568197Z",
     "iopub.status.idle": "2024-02-04T20:35:39.199684Z",
     "shell.execute_reply": "2024-02-04T20:35:39.198603Z"
    },
    "papermill": {
     "duration": 2.641131,
     "end_time": "2024-02-04T20:35:39.202190",
     "exception": false,
     "start_time": "2024-02-04T20:35:36.561059",
     "status": "completed"
    },
    "tags": []
   },
   "outputs": [
    {
     "data": {
      "text/html": [
       "        <script type=\"text/javascript\">\n",
       "        window.PlotlyConfig = {MathJaxConfig: 'local'};\n",
       "        if (window.MathJax && window.MathJax.Hub && window.MathJax.Hub.Config) {window.MathJax.Hub.Config({SVG: {font: \"STIX-Web\"}});}\n",
       "        if (typeof require !== 'undefined') {\n",
       "        require.undef(\"plotly\");\n",
       "        requirejs.config({\n",
       "            paths: {\n",
       "                'plotly': ['https://cdn.plot.ly/plotly-2.27.0.min']\n",
       "            }\n",
       "        });\n",
       "        require(['plotly'], function(Plotly) {\n",
       "            window._Plotly = Plotly;\n",
       "        });\n",
       "        }\n",
       "        </script>\n",
       "        "
      ]
     },
     "metadata": {},
     "output_type": "display_data"
    },
    {
     "data": {
      "text/html": [
       "<div>                            <div id=\"68711935-413d-4cc1-9dcf-1a25c378b9de\" class=\"plotly-graph-div\" style=\"height:525px; width:100%;\"></div>            <script type=\"text/javascript\">                require([\"plotly\"], function(Plotly) {                    window.PLOTLYENV=window.PLOTLYENV || {};                                    if (document.getElementById(\"68711935-413d-4cc1-9dcf-1a25c378b9de\")) {                    Plotly.newPlot(                        \"68711935-413d-4cc1-9dcf-1a25c378b9de\",                        [{\"coloraxis\":\"coloraxis\",\"name\":\"0\",\"x\":[\"Natural_Gas_Price\",\"Crude_oil_Price\",\"Copper_Price\",\"Bitcoin_Price\",\"Platinum_Price\",\"Ethereum_Price\",\"S&P_500_Price\",\"Nasdaq_100_Price\",\"Apple_Price\",\"Tesla_Price\",\"Microsoft_Price\",\"Silver_Price\",\"Google_Price\",\"Nvidia_Price\",\"Berkshire_Price\",\"Netflix_Price\",\"Amazon_Price\",\"Meta_Price\",\"Gold_Price\"],\"y\":[\"Natural_Gas_Price\",\"Crude_oil_Price\",\"Copper_Price\",\"Bitcoin_Price\",\"Platinum_Price\",\"Ethereum_Price\",\"S&P_500_Price\",\"Nasdaq_100_Price\",\"Apple_Price\",\"Tesla_Price\",\"Microsoft_Price\",\"Silver_Price\",\"Google_Price\",\"Nvidia_Price\",\"Berkshire_Price\",\"Netflix_Price\",\"Amazon_Price\",\"Meta_Price\",\"Gold_Price\"],\"z\":[[1.0,0.7168858383929607,0.4647594999977411,0.2885742291715073,0.0720240998554871,0.43406066157478984,0.394936483422486,0.28769573296327794,0.40017723469239164,0.5569967734081492,0.3118068390852799,0.11899103664152642,0.4203039551199635,0.0766958335952685,0.3691410310535901,-0.33370606357929655,0.12955233311582912,-0.19699638364646313,0.13525679075407424],[0.7168858383929607,1.0,0.7088228528010042,0.47508956457717905,0.2834293617324574,0.6004783093317879,0.6640185123719955,0.5135661861768116,0.6285192211392248,0.6448068152565964,0.5727953894049813,0.3040393855586435,0.6581318099671669,0.46882351428234126,0.7629026818773774,-0.30988953672190256,0.08206621158630682,0.00193106678363516,0.3085224388967554],[0.4647594999977411,0.7088228528010042,1.0,0.8539730832176378,0.6764412505502487,0.8946028220912734,0.887495271778517,0.8265202115427295,0.7843678924173101,0.8516365346901826,0.7626341447788172,0.7507644587162758,0.8610357614078852,0.5634750034940381,0.7625032392148978,0.2937149319036623,0.5796058082178508,0.4570085737336291,0.6071463662143937],[0.2885742291715073,0.47508956457717905,0.8539730832176378,1.0,0.6607959335199528,0.9188565704931263,0.8369001852314171,0.8407016982961972,0.6931883529872358,0.8178931823557151,0.7524662171599698,0.6936826176656844,0.8489695896745518,0.5655064572444669,0.6177889549097263,0.5459368790778271,0.7162991195559004,0.6599816370659468,0.5388743933847848],[0.0720240998554871,0.2834293617324574,0.6764412505502487,0.6607959335199528,1.0,0.5186315748034633,0.5311231571446338,0.4992412510544718,0.4021109977234032,0.46978987316555365,0.3689917990416836,0.7634009694495055,0.4522071539765192,0.1811120543646844,0.3613836695386236,0.35821390437322065,0.46376262359983,0.36379278481594113,0.41110531230641834],[0.43406066157478984,0.6004783093317879,0.8946028220912734,0.9188565704931263,0.5186315748034633,1.0,0.8810413645126953,0.8451536486834643,0.747028122628841,0.8544019361302316,0.794945674254451,0.6116869541931619,0.9031924155177742,0.59801614688948,0.6997926729122335,0.4292427416986079,0.6327275366352157,0.5662006367652452,0.5340237247388502],[0.394936483422486,0.6640185123719955,0.887495271778517,0.8369001852314171,0.5311231571446338,0.8810413645126953,1.0,0.9703148107570317,0.9393732300772647,0.900629694245861,0.9532959066029245,0.7354064213597281,0.9708641970880378,0.8213653251382064,0.8909831839286423,0.3554524235024989,0.6304306812611761,0.612685795202714,0.7424758213746195],[0.28769573296327794,0.5135661861768116,0.8265202115427295,0.8407016982961972,0.4992412510544718,0.8451536486834643,0.9703148107570317,1.0,0.9344650408896459,0.8988371961462625,0.9646104231998731,0.7812064462936918,0.9602171696597498,0.8419264338610745,0.8117691739432876,0.5018881816834952,0.7540365621824875,0.7280454780877819,0.8061652880127625],[0.40017723469239164,0.6285192211392248,0.7843678924173101,0.6931883529872358,0.4021109977234032,0.747028122628841,0.9393732300772647,0.9344650408896459,1.0,0.8914502867852511,0.9651124680392889,0.7158927715195169,0.9049542497922685,0.8550222824124909,0.8969751649529768,0.2170301689237731,0.5524441339834761,0.47800476445330153,0.8488088179593576],[0.5569967734081492,0.6448068152565964,0.8516365346901826,0.8178931823557151,0.46978987316555365,0.8544019361302316,0.900629694245861,0.8988371961462625,0.8914502867852511,1.0,0.8537435635984203,0.6983680674413912,0.9006999230525039,0.6504258527753752,0.7361014194970414,0.31782649433471216,0.6881647432833238,0.4734934648468545,0.6894125356769448],[0.3118068390852799,0.5727953894049813,0.7626341447788172,0.7524662171599698,0.3689917990416836,0.794945674254451,0.9532959066029245,0.9646104231998731,0.9651124680392889,0.8537435635984203,1.0,0.680027773868093,0.9444169376616462,0.915128642393966,0.8862273520053146,0.33808691920697376,0.599515039549985,0.6153996524903719,0.826407470641862],[0.11899103664152642,0.3040393855586435,0.7507644587162758,0.6936826176656844,0.7634009694495055,0.6116869541931619,0.7354064213597281,0.7812064462936918,0.7158927715195169,0.6983680674413912,0.680027773868093,1.0,0.6694951312812281,0.520475230075273,0.5557649512155483,0.49609201767352396,0.733125122018688,0.5896543295031127,0.8171310666937611],[0.4203039551199635,0.6581318099671669,0.8610357614078852,0.8489695896745518,0.4522071539765192,0.9031924155177742,0.9708641970880378,0.9602171696597498,0.9049542497922685,0.9006999230525039,0.9444169376616462,0.6694951312812281,1.0,0.807394614222143,0.844856413244373,0.3754698406145242,0.6656851538178623,0.647573827383173,0.6977584189719487],[0.0766958335952685,0.46882351428234126,0.5634750034940381,0.5655064572444669,0.1811120543646844,0.59801614688948,0.8213653251382064,0.8419264338610745,0.8550222824124909,0.6504258527753752,0.915128642393966,0.520475230075273,0.807394614222143,1.0,0.8730823638488052,0.2786001546001061,0.40786046427152284,0.5947932375184405,0.7275219792860695],[0.3691410310535901,0.7629026818773774,0.7625032392148978,0.6177889549097263,0.3613836695386236,0.6997926729122335,0.8909831839286423,0.8117691739432876,0.8969751649529768,0.7361014194970414,0.8862273520053146,0.5557649512155483,0.844856413244373,0.8730823638488052,1.0,0.014536201589374185,0.27961118547337854,0.3551092867702522,0.6743487541293793],[-0.33370606357929655,-0.30988953672190256,0.2937149319036623,0.5459368790778271,0.35821390437322065,0.4292427416986079,0.3554524235024989,0.5018881816834952,0.2170301689237731,0.31782649433471216,0.33808691920697376,0.49609201767352396,0.3754698406145242,0.2786001546001061,0.014536201589374185,1.0,0.7707578454080952,0.8053491128486063,0.304994380880951],[0.12955233311582912,0.08206621158630682,0.5796058082178508,0.7162991195559004,0.46376262359983,0.6327275366352157,0.6304306812611761,0.7540365621824875,0.5524441339834761,0.6881647432833238,0.599515039549985,0.733125122018688,0.6656851538178623,0.40786046427152284,0.27961118547337854,0.7707578454080952,1.0,0.7956182599141414,0.5929685757465081],[-0.19699638364646313,0.00193106678363516,0.4570085737336291,0.6599816370659468,0.36379278481594113,0.5662006367652452,0.612685795202714,0.7280454780877819,0.47800476445330153,0.4734934648468545,0.6153996524903719,0.5896543295031127,0.647573827383173,0.5947932375184405,0.3551092867702522,0.8053491128486063,0.7956182599141414,1.0,0.4872547044000189],[0.13525679075407424,0.3085224388967554,0.6071463662143937,0.5388743933847848,0.41110531230641834,0.5340237247388502,0.7424758213746195,0.8061652880127625,0.8488088179593576,0.6894125356769448,0.826407470641862,0.8171310666937611,0.6977584189719487,0.7275219792860695,0.6743487541293793,0.304994380880951,0.5929685757465081,0.4872547044000189,1.0]],\"type\":\"heatmap\",\"xaxis\":\"x\",\"yaxis\":\"y\",\"hovertemplate\":\"x: %{x}\\u003cbr\\u003ey: %{y}\\u003cbr\\u003ecolor: %{z}\\u003cextra\\u003e\\u003c\\u002fextra\\u003e\"}],                        {\"template\":{\"data\":{\"histogram2dcontour\":[{\"type\":\"histogram2dcontour\",\"colorbar\":{\"outlinewidth\":0,\"ticks\":\"\"},\"colorscale\":[[0.0,\"#0d0887\"],[0.1111111111111111,\"#46039f\"],[0.2222222222222222,\"#7201a8\"],[0.3333333333333333,\"#9c179e\"],[0.4444444444444444,\"#bd3786\"],[0.5555555555555556,\"#d8576b\"],[0.6666666666666666,\"#ed7953\"],[0.7777777777777778,\"#fb9f3a\"],[0.8888888888888888,\"#fdca26\"],[1.0,\"#f0f921\"]]}],\"choropleth\":[{\"type\":\"choropleth\",\"colorbar\":{\"outlinewidth\":0,\"ticks\":\"\"}}],\"histogram2d\":[{\"type\":\"histogram2d\",\"colorbar\":{\"outlinewidth\":0,\"ticks\":\"\"},\"colorscale\":[[0.0,\"#0d0887\"],[0.1111111111111111,\"#46039f\"],[0.2222222222222222,\"#7201a8\"],[0.3333333333333333,\"#9c179e\"],[0.4444444444444444,\"#bd3786\"],[0.5555555555555556,\"#d8576b\"],[0.6666666666666666,\"#ed7953\"],[0.7777777777777778,\"#fb9f3a\"],[0.8888888888888888,\"#fdca26\"],[1.0,\"#f0f921\"]]}],\"heatmap\":[{\"type\":\"heatmap\",\"colorbar\":{\"outlinewidth\":0,\"ticks\":\"\"},\"colorscale\":[[0.0,\"#0d0887\"],[0.1111111111111111,\"#46039f\"],[0.2222222222222222,\"#7201a8\"],[0.3333333333333333,\"#9c179e\"],[0.4444444444444444,\"#bd3786\"],[0.5555555555555556,\"#d8576b\"],[0.6666666666666666,\"#ed7953\"],[0.7777777777777778,\"#fb9f3a\"],[0.8888888888888888,\"#fdca26\"],[1.0,\"#f0f921\"]]}],\"heatmapgl\":[{\"type\":\"heatmapgl\",\"colorbar\":{\"outlinewidth\":0,\"ticks\":\"\"},\"colorscale\":[[0.0,\"#0d0887\"],[0.1111111111111111,\"#46039f\"],[0.2222222222222222,\"#7201a8\"],[0.3333333333333333,\"#9c179e\"],[0.4444444444444444,\"#bd3786\"],[0.5555555555555556,\"#d8576b\"],[0.6666666666666666,\"#ed7953\"],[0.7777777777777778,\"#fb9f3a\"],[0.8888888888888888,\"#fdca26\"],[1.0,\"#f0f921\"]]}],\"contourcarpet\":[{\"type\":\"contourcarpet\",\"colorbar\":{\"outlinewidth\":0,\"ticks\":\"\"}}],\"contour\":[{\"type\":\"contour\",\"colorbar\":{\"outlinewidth\":0,\"ticks\":\"\"},\"colorscale\":[[0.0,\"#0d0887\"],[0.1111111111111111,\"#46039f\"],[0.2222222222222222,\"#7201a8\"],[0.3333333333333333,\"#9c179e\"],[0.4444444444444444,\"#bd3786\"],[0.5555555555555556,\"#d8576b\"],[0.6666666666666666,\"#ed7953\"],[0.7777777777777778,\"#fb9f3a\"],[0.8888888888888888,\"#fdca26\"],[1.0,\"#f0f921\"]]}],\"surface\":[{\"type\":\"surface\",\"colorbar\":{\"outlinewidth\":0,\"ticks\":\"\"},\"colorscale\":[[0.0,\"#0d0887\"],[0.1111111111111111,\"#46039f\"],[0.2222222222222222,\"#7201a8\"],[0.3333333333333333,\"#9c179e\"],[0.4444444444444444,\"#bd3786\"],[0.5555555555555556,\"#d8576b\"],[0.6666666666666666,\"#ed7953\"],[0.7777777777777778,\"#fb9f3a\"],[0.8888888888888888,\"#fdca26\"],[1.0,\"#f0f921\"]]}],\"mesh3d\":[{\"type\":\"mesh3d\",\"colorbar\":{\"outlinewidth\":0,\"ticks\":\"\"}}],\"scatter\":[{\"fillpattern\":{\"fillmode\":\"overlay\",\"size\":10,\"solidity\":0.2},\"type\":\"scatter\"}],\"parcoords\":[{\"type\":\"parcoords\",\"line\":{\"colorbar\":{\"outlinewidth\":0,\"ticks\":\"\"}}}],\"scatterpolargl\":[{\"type\":\"scatterpolargl\",\"marker\":{\"colorbar\":{\"outlinewidth\":0,\"ticks\":\"\"}}}],\"bar\":[{\"error_x\":{\"color\":\"#2a3f5f\"},\"error_y\":{\"color\":\"#2a3f5f\"},\"marker\":{\"line\":{\"color\":\"#E5ECF6\",\"width\":0.5},\"pattern\":{\"fillmode\":\"overlay\",\"size\":10,\"solidity\":0.2}},\"type\":\"bar\"}],\"scattergeo\":[{\"type\":\"scattergeo\",\"marker\":{\"colorbar\":{\"outlinewidth\":0,\"ticks\":\"\"}}}],\"scatterpolar\":[{\"type\":\"scatterpolar\",\"marker\":{\"colorbar\":{\"outlinewidth\":0,\"ticks\":\"\"}}}],\"histogram\":[{\"marker\":{\"pattern\":{\"fillmode\":\"overlay\",\"size\":10,\"solidity\":0.2}},\"type\":\"histogram\"}],\"scattergl\":[{\"type\":\"scattergl\",\"marker\":{\"colorbar\":{\"outlinewidth\":0,\"ticks\":\"\"}}}],\"scatter3d\":[{\"type\":\"scatter3d\",\"line\":{\"colorbar\":{\"outlinewidth\":0,\"ticks\":\"\"}},\"marker\":{\"colorbar\":{\"outlinewidth\":0,\"ticks\":\"\"}}}],\"scattermapbox\":[{\"type\":\"scattermapbox\",\"marker\":{\"colorbar\":{\"outlinewidth\":0,\"ticks\":\"\"}}}],\"scatterternary\":[{\"type\":\"scatterternary\",\"marker\":{\"colorbar\":{\"outlinewidth\":0,\"ticks\":\"\"}}}],\"scattercarpet\":[{\"type\":\"scattercarpet\",\"marker\":{\"colorbar\":{\"outlinewidth\":0,\"ticks\":\"\"}}}],\"carpet\":[{\"aaxis\":{\"endlinecolor\":\"#2a3f5f\",\"gridcolor\":\"white\",\"linecolor\":\"white\",\"minorgridcolor\":\"white\",\"startlinecolor\":\"#2a3f5f\"},\"baxis\":{\"endlinecolor\":\"#2a3f5f\",\"gridcolor\":\"white\",\"linecolor\":\"white\",\"minorgridcolor\":\"white\",\"startlinecolor\":\"#2a3f5f\"},\"type\":\"carpet\"}],\"table\":[{\"cells\":{\"fill\":{\"color\":\"#EBF0F8\"},\"line\":{\"color\":\"white\"}},\"header\":{\"fill\":{\"color\":\"#C8D4E3\"},\"line\":{\"color\":\"white\"}},\"type\":\"table\"}],\"barpolar\":[{\"marker\":{\"line\":{\"color\":\"#E5ECF6\",\"width\":0.5},\"pattern\":{\"fillmode\":\"overlay\",\"size\":10,\"solidity\":0.2}},\"type\":\"barpolar\"}],\"pie\":[{\"automargin\":true,\"type\":\"pie\"}]},\"layout\":{\"autotypenumbers\":\"strict\",\"colorway\":[\"#636efa\",\"#EF553B\",\"#00cc96\",\"#ab63fa\",\"#FFA15A\",\"#19d3f3\",\"#FF6692\",\"#B6E880\",\"#FF97FF\",\"#FECB52\"],\"font\":{\"color\":\"#2a3f5f\"},\"hovermode\":\"closest\",\"hoverlabel\":{\"align\":\"left\"},\"paper_bgcolor\":\"white\",\"plot_bgcolor\":\"#E5ECF6\",\"polar\":{\"bgcolor\":\"#E5ECF6\",\"angularaxis\":{\"gridcolor\":\"white\",\"linecolor\":\"white\",\"ticks\":\"\"},\"radialaxis\":{\"gridcolor\":\"white\",\"linecolor\":\"white\",\"ticks\":\"\"}},\"ternary\":{\"bgcolor\":\"#E5ECF6\",\"aaxis\":{\"gridcolor\":\"white\",\"linecolor\":\"white\",\"ticks\":\"\"},\"baxis\":{\"gridcolor\":\"white\",\"linecolor\":\"white\",\"ticks\":\"\"},\"caxis\":{\"gridcolor\":\"white\",\"linecolor\":\"white\",\"ticks\":\"\"}},\"coloraxis\":{\"colorbar\":{\"outlinewidth\":0,\"ticks\":\"\"}},\"colorscale\":{\"sequential\":[[0.0,\"#0d0887\"],[0.1111111111111111,\"#46039f\"],[0.2222222222222222,\"#7201a8\"],[0.3333333333333333,\"#9c179e\"],[0.4444444444444444,\"#bd3786\"],[0.5555555555555556,\"#d8576b\"],[0.6666666666666666,\"#ed7953\"],[0.7777777777777778,\"#fb9f3a\"],[0.8888888888888888,\"#fdca26\"],[1.0,\"#f0f921\"]],\"sequentialminus\":[[0.0,\"#0d0887\"],[0.1111111111111111,\"#46039f\"],[0.2222222222222222,\"#7201a8\"],[0.3333333333333333,\"#9c179e\"],[0.4444444444444444,\"#bd3786\"],[0.5555555555555556,\"#d8576b\"],[0.6666666666666666,\"#ed7953\"],[0.7777777777777778,\"#fb9f3a\"],[0.8888888888888888,\"#fdca26\"],[1.0,\"#f0f921\"]],\"diverging\":[[0,\"#8e0152\"],[0.1,\"#c51b7d\"],[0.2,\"#de77ae\"],[0.3,\"#f1b6da\"],[0.4,\"#fde0ef\"],[0.5,\"#f7f7f7\"],[0.6,\"#e6f5d0\"],[0.7,\"#b8e186\"],[0.8,\"#7fbc41\"],[0.9,\"#4d9221\"],[1,\"#276419\"]]},\"xaxis\":{\"gridcolor\":\"white\",\"linecolor\":\"white\",\"ticks\":\"\",\"title\":{\"standoff\":15},\"zerolinecolor\":\"white\",\"automargin\":true,\"zerolinewidth\":2},\"yaxis\":{\"gridcolor\":\"white\",\"linecolor\":\"white\",\"ticks\":\"\",\"title\":{\"standoff\":15},\"zerolinecolor\":\"white\",\"automargin\":true,\"zerolinewidth\":2},\"scene\":{\"xaxis\":{\"backgroundcolor\":\"#E5ECF6\",\"gridcolor\":\"white\",\"linecolor\":\"white\",\"showbackground\":true,\"ticks\":\"\",\"zerolinecolor\":\"white\",\"gridwidth\":2},\"yaxis\":{\"backgroundcolor\":\"#E5ECF6\",\"gridcolor\":\"white\",\"linecolor\":\"white\",\"showbackground\":true,\"ticks\":\"\",\"zerolinecolor\":\"white\",\"gridwidth\":2},\"zaxis\":{\"backgroundcolor\":\"#E5ECF6\",\"gridcolor\":\"white\",\"linecolor\":\"white\",\"showbackground\":true,\"ticks\":\"\",\"zerolinecolor\":\"white\",\"gridwidth\":2}},\"shapedefaults\":{\"line\":{\"color\":\"#2a3f5f\"}},\"annotationdefaults\":{\"arrowcolor\":\"#2a3f5f\",\"arrowhead\":0,\"arrowwidth\":1},\"geo\":{\"bgcolor\":\"white\",\"landcolor\":\"#E5ECF6\",\"subunitcolor\":\"white\",\"showland\":true,\"showlakes\":true,\"lakecolor\":\"white\"},\"title\":{\"x\":0.05},\"mapbox\":{\"style\":\"light\"}}},\"xaxis\":{\"anchor\":\"y\",\"domain\":[0.0,1.0],\"scaleanchor\":\"y\",\"constrain\":\"domain\"},\"yaxis\":{\"anchor\":\"x\",\"domain\":[0.0,1.0],\"autorange\":\"reversed\",\"constrain\":\"domain\"},\"coloraxis\":{\"colorscale\":[[0.0,\"#0d0887\"],[0.1111111111111111,\"#46039f\"],[0.2222222222222222,\"#7201a8\"],[0.3333333333333333,\"#9c179e\"],[0.4444444444444444,\"#bd3786\"],[0.5555555555555556,\"#d8576b\"],[0.6666666666666666,\"#ed7953\"],[0.7777777777777778,\"#fb9f3a\"],[0.8888888888888888,\"#fdca26\"],[1.0,\"#f0f921\"]]},\"margin\":{\"t\":60}},                        {\"responsive\": true}                    ).then(function(){\n",
       "                            \n",
       "var gd = document.getElementById('68711935-413d-4cc1-9dcf-1a25c378b9de');\n",
       "var x = new MutationObserver(function (mutations, observer) {{\n",
       "        var display = window.getComputedStyle(gd).display;\n",
       "        if (!display || display === 'none') {{\n",
       "            console.log([gd, 'removed!']);\n",
       "            Plotly.purge(gd);\n",
       "            observer.disconnect();\n",
       "        }}\n",
       "}});\n",
       "\n",
       "// Listen for the removal of the full notebook cells\n",
       "var notebookContainer = gd.closest('#notebook-container');\n",
       "if (notebookContainer) {{\n",
       "    x.observe(notebookContainer, {childList: true});\n",
       "}}\n",
       "\n",
       "// Listen for the clearing of the current output cell\n",
       "var outputEl = gd.closest('.output');\n",
       "if (outputEl) {{\n",
       "    x.observe(outputEl, {childList: true});\n",
       "}}\n",
       "\n",
       "                        })                };                });            </script>        </div>"
      ]
     },
     "metadata": {},
     "output_type": "display_data"
    }
   ],
   "source": [
    "from plotly.express import imshow\n",
    "imshow(img=price_df.corr(numeric_only=True))"
   ]
  },
  {
   "cell_type": "markdown",
   "id": "7d6a69a3",
   "metadata": {
    "papermill": {
     "duration": 0.006098,
     "end_time": "2024-02-04T20:35:39.214777",
     "exception": false,
     "start_time": "2024-02-04T20:35:39.208679",
     "status": "completed"
    },
    "tags": []
   },
   "source": [
    "This is neat and everything but hard to read; let's try grouping similar things together."
   ]
  },
  {
   "cell_type": "code",
   "execution_count": 4,
   "id": "2fb20a02",
   "metadata": {
    "execution": {
     "iopub.execute_input": "2024-02-04T20:35:39.229982Z",
     "iopub.status.busy": "2024-02-04T20:35:39.228979Z",
     "iopub.status.idle": "2024-02-04T20:35:39.293659Z",
     "shell.execute_reply": "2024-02-04T20:35:39.292692Z"
    },
    "papermill": {
     "duration": 0.074856,
     "end_time": "2024-02-04T20:35:39.296089",
     "exception": false,
     "start_time": "2024-02-04T20:35:39.221233",
     "status": "completed"
    },
    "tags": []
   },
   "outputs": [
    {
     "data": {
      "text/html": [
