{
 "cells": [
  {
   "cell_type": "code",
   "execution_count": 1,
   "id": "d9f50262",
   "metadata": {
    "execution": {
     "iopub.execute_input": "2024-02-04T20:05:23.013489Z",
     "iopub.status.busy": "2024-02-04T20:05:23.012667Z",
     "iopub.status.idle": "2024-02-04T20:05:24.015557Z",
     "shell.execute_reply": "2024-02-04T20:05:24.014511Z"
    },
    "papermill": {
     "duration": 1.011235,
     "end_time": "2024-02-04T20:05:24.018034",
     "exception": false,
     "start_time": "2024-02-04T20:05:23.006799",
     "status": "completed"
    },
    "tags": []
   },
   "outputs": [
    {
     "data": {
      "text/html": [
       "<div>\n",
       "<style scoped>\n",
       "    .dataframe tbody tr th:only-of-type {\n",
       "        vertical-align: middle;\n",
       "    }\n",
       "\n",
       "    .dataframe tbody tr th {\n",
       "        vertical-align: top;\n",
       "    }\n",
       "\n",
       "    .dataframe thead th {\n",
       "        text-align: right;\n",
       "    }\n",
       "</style>\n",
       "<table border=\"1\" class=\"dataframe\">\n",
       "  <thead>\n",
       "    <tr style=\"text-align: right;\">\n",
       "      <th></th>\n",
       "      <th>Date</th>\n",
       "      <th>Natural_Gas_Price</th>\n",
       "      <th>Natural_Gas_Vol.</th>\n",
       "      <th>Crude_oil_Price</th>\n",
       "      <th>Crude_oil_Vol.</th>\n",
       "      <th>Copper_Price</th>\n",
       "      <th>Copper_Vol.</th>\n",
       "      <th>Bitcoin_Price</th>\n",
       "      <th>Bitcoin_Vol.</th>\n",
       "      <th>Platinum_Price</th>\n",
       "      <th>...</th>\n",
       "      <th>Berkshire_Price</th>\n",
       "      <th>Berkshire_Vol.</th>\n",
       "      <th>Netflix_Price</th>\n",
       "      <th>Netflix_Vol.</th>\n",
       "      <th>Amazon_Price</th>\n",
       "      <th>Amazon_Vol.</th>\n",
       "      <th>Meta_Price</th>\n",
       "      <th>Meta_Vol.</th>\n",
       "      <th>Gold_Price</th>\n",
       "      <th>Gold_Vol.</th>\n",
       "    </tr>\n",
       "  </thead>\n",
       "  <tbody>\n",
       "    <tr>\n",
       "      <th>0</th>\n",
       "      <td>02-02-2024</td>\n",
       "      <td>2.079</td>\n",
       "      <td>NaN</td>\n",
       "      <td>72.28</td>\n",
       "      <td>NaN</td>\n",
       "      <td>3.8215</td>\n",
       "      <td>NaN</td>\n",
       "      <td>43194.7</td>\n",
       "      <td>42650.0</td>\n",
       "      <td>901.6</td>\n",
       "      <td>...</td>\n",
       "      <td>589498</td>\n",
       "      <td>10580.0</td>\n",
       "      <td>564.64</td>\n",
       "      <td>4030000.0</td>\n",
       "      <td>171.81</td>\n",
       "      <td>117220000.0</td>\n",
       "      <td>474.99</td>\n",
       "      <td>84710000.0</td>\n",
       "      <td>2053.7</td>\n",
       "      <td>NaN</td>\n",
       "    </tr>\n",
       "    <tr>\n",
       "      <th>1</th>\n",
       "      <td>01-02-2024</td>\n",
       "      <td>2.050</td>\n",
       "      <td>161340.0</td>\n",
       "      <td>73.82</td>\n",
       "      <td>577940.0</td>\n",
       "      <td>3.8535</td>\n",
       "      <td>NaN</td>\n",
       "      <td>43081.4</td>\n",
       "      <td>47690.0</td>\n",
       "      <td>922.3</td>\n",
       "      <td>...</td>\n",
       "      <td>581600</td>\n",
       "      <td>9780.0</td>\n",
       "      <td>567.51</td>\n",
       "      <td>3150000.0</td>\n",
       "      <td>159.28</td>\n",
       "      <td>66360000.0</td>\n",
       "      <td>394.78</td>\n",
       "      <td>25140000.0</td>\n",
       "      <td>2071.1</td>\n",
       "      <td>260920.0</td>\n",
       "    </tr>\n",
       "    <tr>\n",
       "      <th>2</th>\n",
       "      <td>31-01-2024</td>\n",
       "      <td>2.100</td>\n",
       "      <td>142860.0</td>\n",
       "      <td>75.85</td>\n",
       "      <td>344490.0</td>\n",
       "      <td>3.9060</td>\n",
       "      <td>NaN</td>\n",
       "      <td>42580.5</td>\n",
       "      <td>56480.0</td>\n",
       "      <td>932.6</td>\n",
       "      <td>...</td>\n",
       "      <td>578020</td>\n",
       "      <td>9720.0</td>\n",
       "      <td>564.11</td>\n",
       "      <td>4830000.0</td>\n",
       "      <td>155.20</td>\n",
       "      <td>49690000.0</td>\n",
       "      <td>390.14</td>\n",
       "      <td>20010000.0</td>\n",
       "      <td>2067.4</td>\n",
       "      <td>238370.0</td>\n",
       "    </tr>\n",
       "    <tr>\n",
       "      <th>3</th>\n",
       "      <td>30-01-2024</td>\n",
       "      <td>2.077</td>\n",
       "      <td>139750.0</td>\n",
       "      <td>77.82</td>\n",
       "      <td>347240.0</td>\n",
       "      <td>3.9110</td>\n",
       "      <td>NaN</td>\n",
       "      <td>42946.2</td>\n",
       "      <td>55130.0</td>\n",
       "      <td>931.7</td>\n",
       "      <td>...</td>\n",
       "      <td>584680</td>\n",
       "      <td>9750.0</td>\n",
       "      <td>562.85</td>\n",
       "      <td>6120000.0</td>\n",
       "      <td>159.00</td>\n",
       "      <td>42290000.0</td>\n",
       "      <td>400.06</td>\n",
       "      <td>18610000.0</td>\n",
       "      <td>2050.9</td>\n",
       "      <td>214590.0</td>\n",
       "    </tr>\n",
       "    <tr>\n",
       "      <th>4</th>\n",
       "      <td>29-01-2024</td>\n",
       "      <td>2.490</td>\n",
       "      <td>3590.0</td>\n",
       "      <td>76.78</td>\n",
       "      <td>331930.0</td>\n",
       "      <td>3.8790</td>\n",
       "      <td>NaN</td>\n",
       "      <td>43299.8</td>\n",
       "      <td>45230.0</td>\n",
       "      <td>938.3</td>\n",
       "      <td>...</td>\n",
       "      <td>578800</td>\n",
       "      <td>13850.0</td>\n",
       "      <td>575.79</td>\n",
       "      <td>6880000.0</td>\n",
       "      <td>161.26</td>\n",
       "      <td>42840000.0</td>\n",
       "      <td>401.02</td>\n",
       "      <td>17790000.0</td>\n",
       "      <td>2034.9</td>\n",
       "      <td>1780.0</td>\n",
       "    </tr>\n",
       "  </tbody>\n",
       "</table>\n",
       "<p>5 rows × 38 columns</p>\n",
       "</div>"
      ],
      "text/plain": [
       "         Date  Natural_Gas_Price  Natural_Gas_Vol.  Crude_oil_Price  \\\n",
       "0  02-02-2024              2.079               NaN            72.28   \n",
       "1  01-02-2024              2.050          161340.0            73.82   \n",
       "2  31-01-2024              2.100          142860.0            75.85   \n",
       "3  30-01-2024              2.077          139750.0            77.82   \n",
       "4  29-01-2024              2.490            3590.0            76.78   \n",
       "\n",
       "   Crude_oil_Vol.  Copper_Price  Copper_Vol.  Bitcoin_Price  Bitcoin_Vol.  \\\n",
       "0             NaN        3.8215          NaN        43194.7       42650.0   \n",
       "1        577940.0        3.8535          NaN        43081.4       47690.0   \n",
       "2        344490.0        3.9060          NaN        42580.5       56480.0   \n",
       "3        347240.0        3.9110          NaN        42946.2       55130.0   \n",
       "4        331930.0        3.8790          NaN        43299.8       45230.0   \n",
       "\n",
       "   Platinum_Price  ...  Berkshire_Price  Berkshire_Vol.  Netflix_Price  \\\n",
       "0           901.6  ...           589498         10580.0         564.64   \n",
       "1           922.3  ...           581600          9780.0         567.51   \n",
       "2           932.6  ...           578020          9720.0         564.11   \n",
       "3           931.7  ...           584680          9750.0         562.85   \n",
       "4           938.3  ...           578800         13850.0         575.79   \n",
       "\n",
       "   Netflix_Vol.  Amazon_Price  Amazon_Vol.  Meta_Price   Meta_Vol.  \\\n",
       "0     4030000.0        171.81  117220000.0      474.99  84710000.0   \n",
       "1     3150000.0        159.28   66360000.0      394.78  25140000.0   \n",
       "2     4830000.0        155.20   49690000.0      390.14  20010000.0   \n",
       "3     6120000.0        159.00   42290000.0      400.06  18610000.0   \n",
       "4     6880000.0        161.26   42840000.0      401.02  17790000.0   \n",
       "\n",
       "   Gold_Price  Gold_Vol.  \n",
       "0      2053.7        NaN  \n",
       "1      2071.1   260920.0  \n",
       "2      2067.4   238370.0  \n",
       "3      2050.9   214590.0  \n",
       "4      2034.9     1780.0  \n",
       "\n",
       "[5 rows x 38 columns]"
      ]
     },
     "execution_count": 1,
     "metadata": {},
     "output_type": "execute_result"
    }
   ],
   "source": [
    "import numpy as np\n",
    "import pandas as pd\n",
    "\n",
    "pd.options.plotting.backend = 'plotly'\n",
    "\n",
    "DATA = '/kaggle/input/2019-2024-us-stock-market-data/Stock Market Dataset.csv'\n",
    "\n",
    "df = pd.read_csv(filepath_or_buffer=DATA, index_col=[0], parse_dates=['Date'], thousands=',')\n",
    "\n",
    "df.head()"
   ]
  },
  {
   "cell_type": "code",
   "execution_count": 2,
   "id": "680f26d5",
   "metadata": {
    "execution": {
     "iopub.execute_input": "2024-02-04T20:05:24.026948Z",
     "iopub.status.busy": "2024-02-04T20:05:24.026520Z",
     "iopub.status.idle": "2024-02-04T20:05:24.048165Z",
     "shell.execute_reply": "2024-02-04T20:05:24.047148Z"
    },
    "papermill": {
     "duration": 0.028896,
     "end_time": "2024-02-04T20:05:24.050695",
     "exception": false,
     "start_time": "2024-02-04T20:05:24.021799",
     "status": "completed"
    },
    "tags": []
   },
   "outputs": [
    {
     "name": "stdout",
     "output_type": "stream",
     "text": [
      "<class 'pandas.core.frame.DataFrame'>\n",
      "Index: 1243 entries, 0 to 1242\n",
      "Data columns (total 20 columns):\n",
      " #   Column             Non-Null Count  Dtype  \n",
      "---  ------             --------------  -----  \n",
      " 0   Date               1243 non-null   object \n",
      " 1   Natural_Gas_Price  1243 non-null   float64\n",
      " 2   Crude_oil_Price    1243 non-null   float64\n",
      " 3   Copper_Price       1243 non-null   float64\n",
      " 4   Bitcoin_Price      1243 non-null   float64\n",
      " 5   Platinum_Price     1243 non-null   float64\n",
      " 6   Ethereum_Price     1243 non-null   float64\n",
      " 7   S&P_500_Price      1243 non-null   float64\n",
      " 8   Nasdaq_100_Price   1243 non-null   float64\n",
      " 9   Apple_Price        1243 non-null   float64\n",
      " 10  Tesla_Price        1243 non-null   float64\n",
      " 11  Microsoft_Price    1243 non-null   float64\n",
      " 12  Silver_Price       1243 non-null   float64\n",
      " 13  Google_Price       1243 non-null   float64\n",
      " 14  Nvidia_Price       1243 non-null   float64\n",
      " 15  Berkshire_Price    1243 non-null   int64  \n",
      " 16  Netflix_Price      1243 non-null   float64\n",
      " 17  Amazon_Price       1243 non-null   float64\n",
      " 18  Meta_Price         1243 non-null   float64\n",
      " 19  Gold_Price         1243 non-null   float64\n",
      "dtypes: float64(18), int64(1), object(1)\n",
      "memory usage: 203.9+ KB\n"
     ]
    }
   ],
   "source": [
    "price_columns = [column for column in df.columns if not column.endswith('Vol.')]\n",
    "price_df = df[price_columns]\n",
    "price_df.info()"
   ]
  },
  {
   "cell_type": "markdown",
   "id": "057df1ac",
   "metadata": {
    "papermill": {
     "duration": 0.003191,
     "end_time": "2024-02-04T20:05:24.057860",
     "exception": false,
     "start_time": "2024-02-04T20:05:24.054669",
     "status": "completed"
    },
    "tags": []
   },
   "source": [
    "Let's look at some price correlations; we sort of expect these groups to move together:\n",
    "* Commodities - gas, oil, and metals\n",
    "* Stocks including stock indices\n",
    "* Cryptocurrencies\n",
    "\n",
    "To a lesser degree we expect the cryptocurrencies to move with the stocks and against the commodities. "
   ]
  },
  {
   "cell_type": "code",
   "execution_count": 3,
   "id": "f4ad7284",
   "metadata": {
    "execution": {
     "iopub.execute_input": "2024-02-04T20:05:24.066646Z",
     "iopub.status.busy": "2024-02-04T20:05:24.065650Z",
     "iopub.status.idle": "2024-02-04T20:05:26.326805Z",
     "shell.execute_reply": "2024-02-04T20:05:26.325405Z"
    },
    "papermill": {
     "duration": 2.267942,
     "end_time": "2024-02-04T20:05:26.329112",
     "exception": false,
     "start_time": "2024-02-04T20:05:24.061170",
     "status": "completed"
    },
    "tags": []
   },
   "outputs": [
    {
     "data": {
      "text/html": [
       "        <script type=\"text/javascript\">\n",
       "        window.PlotlyConfig = {MathJaxConfig: 'local'};\n",
       "        if (window.MathJax && window.MathJax.Hub && window.MathJax.Hub.Config) {window.MathJax.Hub.Config({SVG: {font: \"STIX-Web\"}});}\n",
       "        if (typeof require !== 'undefined') {\n",
       "        require.undef(\"plotly\");\n",
       "        requirejs.config({\n",
       "            paths: {\n",
       "                'plotly': ['https://cdn.plot.ly/plotly-2.27.0.min']\n",
       "            }\n",
       "        });\n",
       "        require(['plotly'], function(Plotly) {\n",
       "            window._Plotly = Plotly;\n",
       "        });\n",
       "        }\n",
       "        </script>\n",
       "        "
      ]
     },
     "metadata": {},
     "output_type": "display_data"
    },
    {
     "data": {
      "text/html": [
       "<div>                            <div id=\"e948b440-2970-415f-8ca8-1d218800bc87\" class=\"plotly-graph-div\" style=\"height:525px; width:100%;\"></div>            <script type=\"text/javascript\">                require([\"plotly\"], function(Plotly) {                    window.PLOTLYENV=window.PLOTLYENV || {};                                    if (document.getElementById(\"e948b440-2970-415f-8ca8-1d218800bc87\")) {                    Plotly.newPlot(                        \"e948b440-2970-415f-8ca8-1d218800bc87\",                        [{\"coloraxis\":\"coloraxis\",\"name\":\"0\",\"x\":[\"Natural_Gas_Price\",\"Crude_oil_Price\",\"Copper_Price\",\"Bitcoin_Price\",\"Platinum_Price\",\"Ethereum_Price\",\"S&P_500_Price\",\"Nasdaq_100_Price\",\"Apple_Price\",\"Tesla_Price\",\"Microsoft_Price\",\"Silver_Price\",\"Google_Price\",\"Nvidia_Price\",\"Berkshire_Price\",\"Netflix_Price\",\"Amazon_Price\",\"Meta_Price\",\"Gold_Price\"],\"y\":[\"Natural_Gas_Price\",\"Crude_oil_Price\",\"Copper_Price\",\"Bitcoin_Price\",\"Platinum_Price\",\"Ethereum_Price\",\"S&P_500_Price\",\"Nasdaq_100_Price\",\"Apple_Price\",\"Tesla_Price\",\"Microsoft_Price\",\"Silver_Price\",\"Google_Price\",\"Nvidia_Price\",\"Berkshire_Price\",\"Netflix_Price\",\"Amazon_Price\",\"Meta_Price\",\"Gold_Price\"],\"z\":[[1.0,0.7168858383929634,0.4647594999977434,0.28857422917150705,0.07202409985549002,0.4340606615747912,0.3949364834224888,0.28769573296327816,0.4001772346923923,0.5569967734081507,0.31180683908527973,0.11899103664152517,0.4203039551199651,0.07669583359526871,0.3691410310535912,-0.3337060635792958,0.1295523331158283,-0.1969963836464618,0.13525679075407745],[0.7168858383929634,1.0,0.7088228528010072,0.4750895645771795,0.28342936173246397,0.6004783093317874,0.6640185123719986,0.5135661861768113,0.6285192211392254,0.6448068152565973,0.572795389404981,0.30403938555864335,0.6581318099671672,0.4688235142823405,0.7629026818773778,-0.3098895367218999,0.08206621158630781,0.0019310667836368693,0.3085224388967601],[0.4647594999977434,0.7088228528010072,1.0,0.8539730832176375,0.6764412505502513,0.8946028220912734,0.887495271778518,0.8265202115427321,0.7843678924173109,0.8516365346901824,0.7626341447788193,0.7507644587162763,0.8610357614078848,0.5634750034940395,0.7625032392148997,0.2937149319036616,0.5796058082178489,0.45700857373362824,0.6071463662143959],[0.28857422917150705,0.4750895645771795,0.8539730832176375,1.0,0.6607959335199555,0.9188565704931281,0.8369001852314183,0.8407016982961977,0.6931883529872377,0.8178931823557131,0.7524662171599689,0.693682617665685,0.8489695896745504,0.5655064572444676,0.6177889549097276,0.5459368790778266,0.7162991195558994,0.6599816370659475,0.5388743933847866],[0.07202409985549002,0.28342936173246397,0.6764412505502513,0.6607959335199555,1.0,0.5186315748034677,0.5311231571446378,0.4992412510544778,0.402110997723409,0.4697898731655575,0.3689917990416893,0.7634009694495077,0.45220715397652494,0.18111205436469127,0.3613836695386295,0.3582139043732178,0.4637626235998296,0.3637927848159435,0.4111053123064231],[0.4340606615747912,0.6004783093317874,0.8946028220912734,0.9188565704931281,0.5186315748034677,1.0,0.8810413645126961,0.8451536486834665,0.747028122628842,0.8544019361302327,0.7949456742544508,0.6116869541931625,0.9031924155177736,0.5980161468894807,0.6997926729122349,0.42924274169860926,0.6327275366352159,0.5662006367652467,0.5340237247388535],[0.3949364834224888,0.6640185123719986,0.887495271778518,0.8369001852314183,0.5311231571446378,0.8810413645126961,1.0,0.9703148107570323,0.9393732300772668,0.900629694245863,0.9532959066029246,0.7354064213597284,0.9708641970880394,0.8213653251382054,0.8909831839286448,0.3554524235024956,0.6304306812611733,0.612685795202712,0.7424758213746224],[0.28769573296327816,0.5135661861768113,0.8265202115427321,0.8407016982961977,0.4992412510544778,0.8451536486834665,0.9703148107570323,1.0,0.9344650408896442,0.8988371961462644,0.9646104231998716,0.7812064462936926,0.9602171696597502,0.8419264338610736,0.8117691739432856,0.5018881816834984,0.7540365621824907,0.7280454780877845,0.8061652880127625],[0.4001772346923923,0.6285192211392254,0.7843678924173109,0.6931883529872377,0.402110997723409,0.747028122628842,0.9393732300772668,0.9344650408896442,1.0,0.8914502867852508,0.9651124680392899,0.715892771519514,0.9049542497922684,0.8550222824124911,0.8969751649529776,0.2170301689237721,0.5524441339834734,0.47800476445330076,0.8488088179593589],[0.5569967734081507,0.6448068152565973,0.8516365346901824,0.8178931823557131,0.4697898731655575,0.8544019361302327,0.900629694245863,0.8988371961462644,0.8914502867852508,1.0,0.8537435635984181,0.6983680674413908,0.9006999230525048,0.6504258527753746,0.7361014194970411,0.31782649433471377,0.6881647432833232,0.4734934648468562,0.6894125356769454],[0.31180683908527973,0.572795389404981,0.7626341447788193,0.7524662171599689,0.3689917990416893,0.7949456742544508,0.9532959066029246,0.9646104231998716,0.9651124680392899,0.8537435635984181,1.0,0.6800277738680932,0.9444169376616451,0.915128642393966,0.8862273520053151,0.3380869192069733,0.599515039549982,0.6153996524903722,0.8264074706418636],[0.11899103664152517,0.30403938555864335,0.7507644587162763,0.693682617665685,0.7634009694495077,0.6116869541931625,0.7354064213597284,0.7812064462936926,0.715892771519514,0.6983680674413908,0.6800277738680932,1.0,0.6694951312812268,0.520475230075274,0.5557649512155465,0.4960920176735249,0.7331251220186876,0.5896543295031148,0.8171310666937611],[0.4203039551199651,0.6581318099671672,0.8610357614078848,0.8489695896745504,0.45220715397652494,0.9031924155177736,0.9708641970880394,0.9602171696597502,0.9049542497922684,0.9006999230525048,0.9444169376616451,0.6694951312812268,1.0,0.8073946142221425,0.8448564132443717,0.3754698406145237,0.6656851538178621,0.6475738273831719,0.6977584189719509],[0.07669583359526871,0.4688235142823405,0.5634750034940395,0.5655064572444676,0.18111205436469127,0.5980161468894807,0.8213653251382054,0.8419264338610736,0.8550222824124911,0.6504258527753746,0.915128642393966,0.520475230075274,0.8073946142221425,1.0,0.8730823638488042,0.27860015460010645,0.4078604642715231,0.5947932375184425,0.7275219792860713],[0.3691410310535912,0.7629026818773778,0.7625032392148997,0.6177889549097276,0.3613836695386295,0.6997926729122349,0.8909831839286448,0.8117691739432856,0.8969751649529776,0.7361014194970411,0.8862273520053151,0.5557649512155465,0.8448564132443717,0.8730823638488042,1.0,0.01453620158937436,0.2796111854733778,0.35510928677025266,0.6743487541293813],[-0.3337060635792958,-0.3098895367218999,0.2937149319036616,0.5459368790778266,0.3582139043732178,0.42924274169860926,0.3554524235024956,0.5018881816834984,0.2170301689237721,0.31782649433471377,0.3380869192069733,0.4960920176735249,0.3754698406145237,0.27860015460010645,0.01453620158937436,1.0,0.7707578454080956,0.8053491128486062,0.3049943808809495],[0.1295523331158283,0.08206621158630781,0.5796058082178489,0.7162991195558994,0.4637626235998296,0.6327275366352159,0.6304306812611733,0.7540365621824907,0.5524441339834734,0.6881647432833232,0.599515039549982,0.7331251220186876,0.6656851538178621,0.4078604642715231,0.2796111854733778,0.7707578454080956,1.0,0.7956182599141401,0.592968575746506],[-0.1969963836464618,0.0019310667836368693,0.45700857373362824,0.6599816370659475,0.3637927848159435,0.5662006367652467,0.612685795202712,0.7280454780877845,0.47800476445330076,0.4734934648468562,0.6153996524903722,0.5896543295031148,0.6475738273831719,0.5947932375184425,0.35510928677025266,0.8053491128486062,0.7956182599141401,1.0,0.48725470440002],[0.13525679075407745,0.3085224388967601,0.6071463662143959,0.5388743933847866,0.4111053123064231,0.5340237247388535,0.7424758213746224,0.8061652880127625,0.8488088179593589,0.6894125356769454,0.8264074706418636,0.8171310666937611,0.6977584189719509,0.7275219792860713,0.6743487541293813,0.3049943808809495,0.592968575746506,0.48725470440002,1.0]],\"type\":\"heatmap\",\"xaxis\":\"x\",\"yaxis\":\"y\",\"hovertemplate\":\"x: %{x}\\u003cbr\\u003ey: %{y}\\u003cbr\\u003ecolor: %{z}\\u003cextra\\u003e\\u003c\\u002fextra\\u003e\"}],                        {\"template\":{\"data\":{\"histogram2dcontour\":[{\"type\":\"histogram2dcontour\",\"colorbar\":{\"outlinewidth\":0,\"ticks\":\"\"},\"colorscale\":[[0.0,\"#0d0887\"],[0.1111111111111111,\"#46039f\"],[0.2222222222222222,\"#7201a8\"],[0.3333333333333333,\"#9c179e\"],[0.4444444444444444,\"#bd3786\"],[0.5555555555555556,\"#d8576b\"],[0.6666666666666666,\"#ed7953\"],[0.7777777777777778,\"#fb9f3a\"],[0.8888888888888888,\"#fdca26\"],[1.0,\"#f0f921\"]]}],\"choropleth\":[{\"type\":\"choropleth\",\"colorbar\":{\"outlinewidth\":0,\"ticks\":\"\"}}],\"histogram2d\":[{\"type\":\"histogram2d\",\"colorbar\":{\"outlinewidth\":0,\"ticks\":\"\"},\"colorscale\":[[0.0,\"#0d0887\"],[0.1111111111111111,\"#46039f\"],[0.2222222222222222,\"#7201a8\"],[0.3333333333333333,\"#9c179e\"],[0.4444444444444444,\"#bd3786\"],[0.5555555555555556,\"#d8576b\"],[0.6666666666666666,\"#ed7953\"],[0.7777777777777778,\"#fb9f3a\"],[0.8888888888888888,\"#fdca26\"],[1.0,\"#f0f921\"]]}],\"heatmap\":[{\"type\":\"heatmap\",\"colorbar\":{\"outlinewidth\":0,\"ticks\":\"\"},\"colorscale\":[[0.0,\"#0d0887\"],[0.1111111111111111,\"#46039f\"],[0.2222222222222222,\"#7201a8\"],[0.3333333333333333,\"#9c179e\"],[0.4444444444444444,\"#bd3786\"],[0.5555555555555556,\"#d8576b\"],[0.6666666666666666,\"#ed7953\"],[0.7777777777777778,\"#fb9f3a\"],[0.8888888888888888,\"#fdca26\"],[1.0,\"#f0f921\"]]}],\"heatmapgl\":[{\"type\":\"heatmapgl\",\"colorbar\":{\"outlinewidth\":0,\"ticks\":\"\"},\"colorscale\":[[0.0,\"#0d0887\"],[0.1111111111111111,\"#46039f\"],[0.2222222222222222,\"#7201a8\"],[0.3333333333333333,\"#9c179e\"],[0.4444444444444444,\"#bd3786\"],[0.5555555555555556,\"#d8576b\"],[0.6666666666666666,\"#ed7953\"],[0.7777777777777778,\"#fb9f3a\"],[0.8888888888888888,\"#fdca26\"],[1.0,\"#f0f921\"]]}],\"contourcarpet\":[{\"type\":\"contourcarpet\",\"colorbar\":{\"outlinewidth\":0,\"ticks\":\"\"}}],\"contour\":[{\"type\":\"contour\",\"colorbar\":{\"outlinewidth\":0,\"ticks\":\"\"},\"colorscale\":[[0.0,\"#0d0887\"],[0.1111111111111111,\"#46039f\"],[0.2222222222222222,\"#7201a8\"],[0.3333333333333333,\"#9c179e\"],[0.4444444444444444,\"#bd3786\"],[0.5555555555555556,\"#d8576b\"],[0.6666666666666666,\"#ed7953\"],[0.7777777777777778,\"#fb9f3a\"],[0.8888888888888888,\"#fdca26\"],[1.0,\"#f0f921\"]]}],\"surface\":[{\"type\":\"surface\",\"colorbar\":{\"outlinewidth\":0,\"ticks\":\"\"},\"colorscale\":[[0.0,\"#0d0887\"],[0.1111111111111111,\"#46039f\"],[0.2222222222222222,\"#7201a8\"],[0.3333333333333333,\"#9c179e\"],[0.4444444444444444,\"#bd3786\"],[0.5555555555555556,\"#d8576b\"],[0.6666666666666666,\"#ed7953\"],[0.7777777777777778,\"#fb9f3a\"],[0.8888888888888888,\"#fdca26\"],[1.0,\"#f0f921\"]]}],\"mesh3d\":[{\"type\":\"mesh3d\",\"colorbar\":{\"outlinewidth\":0,\"ticks\":\"\"}}],\"scatter\":[{\"fillpattern\":{\"fillmode\":\"overlay\",\"size\":10,\"solidity\":0.2},\"type\":\"scatter\"}],\"parcoords\":[{\"type\":\"parcoords\",\"line\":{\"colorbar\":{\"outlinewidth\":0,\"ticks\":\"\"}}}],\"scatterpolargl\":[{\"type\":\"scatterpolargl\",\"marker\":{\"colorbar\":{\"outlinewidth\":0,\"ticks\":\"\"}}}],\"bar\":[{\"error_x\":{\"color\":\"#2a3f5f\"},\"error_y\":{\"color\":\"#2a3f5f\"},\"marker\":{\"line\":{\"color\":\"#E5ECF6\",\"width\":0.5},\"pattern\":{\"fillmode\":\"overlay\",\"size\":10,\"solidity\":0.2}},\"type\":\"bar\"}],\"scattergeo\":[{\"type\":\"scattergeo\",\"marker\":{\"colorbar\":{\"outlinewidth\":0,\"ticks\":\"\"}}}],\"scatterpolar\":[{\"type\":\"scatterpolar\",\"marker\":{\"colorbar\":{\"outlinewidth\":0,\"ticks\":\"\"}}}],\"histogram\":[{\"marker\":{\"pattern\":{\"fillmode\":\"overlay\",\"size\":10,\"solidity\":0.2}},\"type\":\"histogram\"}],\"scattergl\":[{\"type\":\"scattergl\",\"marker\":{\"colorbar\":{\"outlinewidth\":0,\"ticks\":\"\"}}}],\"scatter3d\":[{\"type\":\"scatter3d\",\"line\":{\"colorbar\":{\"outlinewidth\":0,\"ticks\":\"\"}},\"marker\":{\"colorbar\":{\"outlinewidth\":0,\"ticks\":\"\"}}}],\"scattermapbox\":[{\"type\":\"scattermapbox\",\"marker\":{\"colorbar\":{\"outlinewidth\":0,\"ticks\":\"\"}}}],\"scatterternary\":[{\"type\":\"scatterternary\",\"marker\":{\"colorbar\":{\"outlinewidth\":0,\"ticks\":\"\"}}}],\"scattercarpet\":[{\"type\":\"scattercarpet\",\"marker\":{\"colorbar\":{\"outlinewidth\":0,\"ticks\":\"\"}}}],\"carpet\":[{\"aaxis\":{\"endlinecolor\":\"#2a3f5f\",\"gridcolor\":\"white\",\"linecolor\":\"white\",\"minorgridcolor\":\"white\",\"startlinecolor\":\"#2a3f5f\"},\"baxis\":{\"endlinecolor\":\"#2a3f5f\",\"gridcolor\":\"white\",\"linecolor\":\"white\",\"minorgridcolor\":\"white\",\"startlinecolor\":\"#2a3f5f\"},\"type\":\"carpet\"}],\"table\":[{\"cells\":{\"fill\":{\"color\":\"#EBF0F8\"},\"line\":{\"color\":\"white\"}},\"header\":{\"fill\":{\"color\":\"#C8D4E3\"},\"line\":{\"color\":\"white\"}},\"type\":\"table\"}],\"barpolar\":[{\"marker\":{\"line\":{\"color\":\"#E5ECF6\",\"width\":0.5},\"pattern\":{\"fillmode\":\"overlay\",\"size\":10,\"solidity\":0.2}},\"type\":\"barpolar\"}],\"pie\":[{\"automargin\":true,\"type\":\"pie\"}]},\"layout\":{\"autotypenumbers\":\"strict\",\"colorway\":[\"#636efa\",\"#EF553B\",\"#00cc96\",\"#ab63fa\",\"#FFA15A\",\"#19d3f3\",\"#FF6692\",\"#B6E880\",\"#FF97FF\",\"#FECB52\"],\"font\":{\"color\":\"#2a3f5f\"},\"hovermode\":\"closest\",\"hoverlabel\":{\"align\":\"left\"},\"paper_bgcolor\":\"white\",\"plot_bgcolor\":\"#E5ECF6\",\"polar\":{\"bgcolor\":\"#E5ECF6\",\"angularaxis\":{\"gridcolor\":\"white\",\"linecolor\":\"white\",\"ticks\":\"\"},\"radialaxis\":{\"gridcolor\":\"white\",\"linecolor\":\"white\",\"ticks\":\"\"}},\"ternary\":{\"bgcolor\":\"#E5ECF6\",\"aaxis\":{\"gridcolor\":\"white\",\"linecolor\":\"white\",\"ticks\":\"\"},\"baxis\":{\"gridcolor\":\"white\",\"linecolor\":\"white\",\"ticks\":\"\"},\"caxis\":{\"gridcolor\":\"white\",\"linecolor\":\"white\",\"ticks\":\"\"}},\"coloraxis\":{\"colorbar\":{\"outlinewidth\":0,\"ticks\":\"\"}},\"colorscale\":{\"sequential\":[[0.0,\"#0d0887\"],[0.1111111111111111,\"#46039f\"],[0.2222222222222222,\"#7201a8\"],[0.3333333333333333,\"#9c179e\"],[0.4444444444444444,\"#bd3786\"],[0.5555555555555556,\"#d8576b\"],[0.6666666666666666,\"#ed7953\"],[0.7777777777777778,\"#fb9f3a\"],[0.8888888888888888,\"#fdca26\"],[1.0,\"#f0f921\"]],\"sequentialminus\":[[0.0,\"#0d0887\"],[0.1111111111111111,\"#46039f\"],[0.2222222222222222,\"#7201a8\"],[0.3333333333333333,\"#9c179e\"],[0.4444444444444444,\"#bd3786\"],[0.5555555555555556,\"#d8576b\"],[0.6666666666666666,\"#ed7953\"],[0.7777777777777778,\"#fb9f3a\"],[0.8888888888888888,\"#fdca26\"],[1.0,\"#f0f921\"]],\"diverging\":[[0,\"#8e0152\"],[0.1,\"#c51b7d\"],[0.2,\"#de77ae\"],[0.3,\"#f1b6da\"],[0.4,\"#fde0ef\"],[0.5,\"#f7f7f7\"],[0.6,\"#e6f5d0\"],[0.7,\"#b8e186\"],[0.8,\"#7fbc41\"],[0.9,\"#4d9221\"],[1,\"#276419\"]]},\"xaxis\":{\"gridcolor\":\"white\",\"linecolor\":\"white\",\"ticks\":\"\",\"title\":{\"standoff\":15},\"zerolinecolor\":\"white\",\"automargin\":true,\"zerolinewidth\":2},\"yaxis\":{\"gridcolor\":\"white\",\"linecolor\":\"white\",\"ticks\":\"\",\"title\":{\"standoff\":15},\"zerolinecolor\":\"white\",\"automargin\":true,\"zerolinewidth\":2},\"scene\":{\"xaxis\":{\"backgroundcolor\":\"#E5ECF6\",\"gridcolor\":\"white\",\"linecolor\":\"white\",\"showbackground\":true,\"ticks\":\"\",\"zerolinecolor\":\"white\",\"gridwidth\":2},\"yaxis\":{\"backgroundcolor\":\"#E5ECF6\",\"gridcolor\":\"white\",\"linecolor\":\"white\",\"showbackground\":true,\"ticks\":\"\",\"zerolinecolor\":\"white\",\"gridwidth\":2},\"zaxis\":{\"backgroundcolor\":\"#E5ECF6\",\"gridcolor\":\"white\",\"linecolor\":\"white\",\"showbackground\":true,\"ticks\":\"\",\"zerolinecolor\":\"white\",\"gridwidth\":2}},\"shapedefaults\":{\"line\":{\"color\":\"#2a3f5f\"}},\"annotationdefaults\":{\"arrowcolor\":\"#2a3f5f\",\"arrowhead\":0,\"arrowwidth\":1},\"geo\":{\"bgcolor\":\"white\",\"landcolor\":\"#E5ECF6\",\"subunitcolor\":\"white\",\"showland\":true,\"showlakes\":true,\"lakecolor\":\"white\"},\"title\":{\"x\":0.05},\"mapbox\":{\"style\":\"light\"}}},\"xaxis\":{\"anchor\":\"y\",\"domain\":[0.0,1.0],\"scaleanchor\":\"y\",\"constrain\":\"domain\"},\"yaxis\":{\"anchor\":\"x\",\"domain\":[0.0,1.0],\"autorange\":\"reversed\",\"constrain\":\"domain\"},\"coloraxis\":{\"colorscale\":[[0.0,\"#0d0887\"],[0.1111111111111111,\"#46039f\"],[0.2222222222222222,\"#7201a8\"],[0.3333333333333333,\"#9c179e\"],[0.4444444444444444,\"#bd3786\"],[0.5555555555555556,\"#d8576b\"],[0.6666666666666666,\"#ed7953\"],[0.7777777777777778,\"#fb9f3a\"],[0.8888888888888888,\"#fdca26\"],[1.0,\"#f0f921\"]]},\"margin\":{\"t\":60}},                        {\"responsive\": true}                    ).then(function(){\n",
       "                            \n",
       "var gd = document.getElementById('e948b440-2970-415f-8ca8-1d218800bc87');\n",
       "var x = new MutationObserver(function (mutations, observer) {{\n",
       "        var display = window.getComputedStyle(gd).display;\n",
       "        if (!display || display === 'none') {{\n",
       "            console.log([gd, 'removed!']);\n",
       "            Plotly.purge(gd);\n",
       "            observer.disconnect();\n",
       "        }}\n",
       "}});\n",
       "\n",
       "// Listen for the removal of the full notebook cells\n",
       "var notebookContainer = gd.closest('#notebook-container');\n",
       "if (notebookContainer) {{\n",
       "    x.observe(notebookContainer, {childList: true});\n",
       "}}\n",
       "\n",
       "// Listen for the clearing of the current output cell\n",
       "var outputEl = gd.closest('.output');\n",
       "if (outputEl) {{\n",
       "    x.observe(outputEl, {childList: true});\n",
       "}}\n",
       "\n",
       "                        })                };                });            </script>        </div>"
      ]
     },
     "metadata": {},
     "output_type": "display_data"
    }
   ],
   "source": [
    "from plotly.express import imshow\n",
    "imshow(img=price_df.corr(numeric_only=True))"
   ]
  },
  {
   "cell_type": "markdown",
   "id": "40acc1f3",
   "metadata": {
    "papermill": {
     "duration": 0.003767,
     "end_time": "2024-02-04T20:05:26.337062",
     "exception": false,
     "start_time": "2024-02-04T20:05:26.333295",
     "status": "completed"
    },
    "tags": []
   },
   "source": [
    "This is neat and everything but hard to read; let's try grouping similar things together."
   ]
  },
  {
   "cell_type": "code",
   "execution_count": 4,
   "id": "55352efb",
   "metadata": {
    "execution": {
     "iopub.execute_input": "2024-02-04T20:05:26.346495Z",
     "iopub.status.busy": "2024-02-04T20:05:26.346112Z",
     "iopub.status.idle": "2024-02-04T20:05:26.399695Z",
     "shell.execute_reply": "2024-02-04T20:05:26.398636Z"
    },
    "papermill": {
     "duration": 0.060933,
     "end_time": "2024-02-04T20:05:26.401909",
     "exception": false,
     "start_time": "2024-02-04T20:05:26.340976",
     "status": "completed"
    },
    "tags": []
   },
   "outputs": [
    {
     "data": {
      "text/html": [
