{
 "cells": [
  {
   "cell_type": "code",
   "execution_count": 1,
   "id": "8add2b73",
   "metadata": {
    "execution": {
     "iopub.execute_input": "2023-10-04T23:18:55.402661Z",
     "iopub.status.busy": "2023-10-04T23:18:55.401266Z",
     "iopub.status.idle": "2023-10-04T23:20:02.081626Z",
     "shell.execute_reply": "2023-10-04T23:20:02.080318Z"
    },
    "papermill": {
     "duration": 66.688948,
     "end_time": "2023-10-04T23:20:02.085506",
     "exception": false,
     "start_time": "2023-10-04T23:18:55.396558",
     "status": "completed"
    },
    "tags": []
   },
   "outputs": [
    {
     "data": {
      "text/html": [
       "<div>\n",
       "<style scoped>\n",
       "    .dataframe tbody tr th:only-of-type {\n",
       "        vertical-align: middle;\n",
       "    }\n",
       "\n",
       "    .dataframe tbody tr th {\n",
       "        vertical-align: top;\n",
       "    }\n",
       "\n",
       "    .dataframe thead th {\n",
       "        text-align: right;\n",
       "    }\n",
       "</style>\n",
       "<table border=\"1\" class=\"dataframe\">\n",
       "  <thead>\n",
       "    <tr style=\"text-align: right;\">\n",
       "      <th></th>\n",
       "      <th>col1</th>\n",
       "      <th>col2</th>\n",
       "      <th>col3</th>\n",
       "      <th>col4</th>\n",
       "      <th>col5</th>\n",
       "      <th>col6</th>\n",
       "      <th>col7</th>\n",
       "      <th>col8</th>\n",
       "      <th>col9</th>\n",
       "      <th>col10</th>\n",
       "      <th>...</th>\n",
       "      <th>col9991</th>\n",
       "      <th>col9992</th>\n",
       "      <th>col9993</th>\n",
       "      <th>col9994</th>\n",
       "      <th>col9995</th>\n",
       "      <th>col9996</th>\n",
       "      <th>col9997</th>\n",
       "      <th>col9998</th>\n",
       "      <th>col9999</th>\n",
       "      <th>col10000</th>\n",
       "    </tr>\n",
       "  </thead>\n",
       "  <tbody>\n",
       "    <tr>\n",
       "      <th>0</th>\n",
       "      <td>0.351826</td>\n",
       "      <td>0.552540</td>\n",
       "      <td>0.883962</td>\n",
       "      <td>0.896084</td>\n",
       "      <td>0.258852</td>\n",
       "      <td>0.146816</td>\n",
       "      <td>0.427795</td>\n",
       "      <td>0.985237</td>\n",
       "      <td>0.119935</td>\n",
       "      <td>0.927899</td>\n",
       "      <td>...</td>\n",
       "      <td>0.983813</td>\n",
       "      <td>0.229019</td>\n",
       "      <td>0.963223</td>\n",
       "      <td>0.544037</td>\n",
       "      <td>0.078164</td>\n",
       "      <td>0.455069</td>\n",
       "      <td>0.739897</td>\n",
       "      <td>0.427462</td>\n",
       "      <td>0.669336</td>\n",
       "      <td>0.473702</td>\n",
       "    </tr>\n",
       "    <tr>\n",
       "      <th>1</th>\n",
       "      <td>0.023325</td>\n",
       "      <td>0.857925</td>\n",
       "      <td>0.610042</td>\n",
       "      <td>0.862262</td>\n",
       "      <td>0.096637</td>\n",
       "      <td>0.793002</td>\n",
       "      <td>0.324918</td>\n",
       "      <td>0.025194</td>\n",
       "      <td>0.032260</td>\n",
       "      <td>0.329649</td>\n",
       "      <td>...</td>\n",
       "      <td>0.865163</td>\n",
       "      <td>0.191472</td>\n",
       "      <td>0.154791</td>\n",
       "      <td>0.382200</td>\n",
       "      <td>0.007445</td>\n",
       "      <td>0.365438</td>\n",
       "      <td>0.813734</td>\n",
       "      <td>0.315527</td>\n",
       "      <td>0.183483</td>\n",
       "      <td>0.222875</td>\n",
       "    </tr>\n",
       "    <tr>\n",
       "      <th>2</th>\n",
       "      <td>0.754705</td>\n",
       "      <td>0.407673</td>\n",
       "      <td>0.458940</td>\n",
       "      <td>0.788811</td>\n",
       "      <td>0.380545</td>\n",
       "      <td>0.356489</td>\n",
       "      <td>0.266228</td>\n",
       "      <td>0.115581</td>\n",
       "      <td>0.322107</td>\n",
       "      <td>0.120237</td>\n",
       "      <td>...</td>\n",
       "      <td>0.386104</td>\n",
       "      <td>0.146092</td>\n",
       "      <td>0.931389</td>\n",
       "      <td>0.540215</td>\n",
       "      <td>0.452077</td>\n",
       "      <td>0.532103</td>\n",
       "      <td>0.994630</td>\n",
       "      <td>0.250394</td>\n",
       "      <td>0.953152</td>\n",
       "      <td>0.631629</td>\n",
       "    </tr>\n",
       "    <tr>\n",
       "      <th>3</th>\n",
       "      <td>0.780540</td>\n",
       "      <td>0.674675</td>\n",
       "      <td>0.439044</td>\n",
       "      <td>0.258040</td>\n",
       "      <td>0.508532</td>\n",
       "      <td>0.653579</td>\n",
       "      <td>0.010269</td>\n",
       "      <td>0.287572</td>\n",
       "      <td>0.424164</td>\n",
       "      <td>0.770689</td>\n",
       "      <td>...</td>\n",
       "      <td>0.807429</td>\n",
       "      <td>0.336267</td>\n",
       "      <td>0.130776</td>\n",
       "      <td>0.540568</td>\n",
       "      <td>0.058014</td>\n",
       "      <td>0.355110</td>\n",
       "      <td>0.661459</td>\n",
       "      <td>0.456717</td>\n",
       "      <td>0.089870</td>\n",
       "      <td>0.730494</td>\n",
       "    </tr>\n",
       "    <tr>\n",
       "      <th>4</th>\n",
       "      <td>0.414569</td>\n",
       "      <td>0.769114</td>\n",
       "      <td>0.943292</td>\n",
       "      <td>0.518043</td>\n",
       "      <td>0.472415</td>\n",
       "      <td>0.027251</td>\n",
       "      <td>0.923420</td>\n",
       "      <td>0.162933</td>\n",
       "      <td>0.283660</td>\n",
       "      <td>0.197664</td>\n",
       "      <td>...</td>\n",
       "      <td>0.770699</td>\n",
       "      <td>0.689006</td>\n",
       "      <td>0.824875</td>\n",
       "      <td>0.290480</td>\n",
       "      <td>0.143558</td>\n",
       "      <td>0.041343</td>\n",
       "      <td>0.272126</td>\n",
       "      <td>0.757667</td>\n",
       "      <td>0.673319</td>\n",
       "      <td>0.589262</td>\n",
       "    </tr>\n",
       "  </tbody>\n",
       "</table>\n",
       "<p>5 rows × 10000 columns</p>\n",
       "</div>"
      ],
      "text/plain": [
       "       col1      col2      col3      col4      col5      col6      col7  \\\n",
       "0  0.351826  0.552540  0.883962  0.896084  0.258852  0.146816  0.427795   \n",
       "1  0.023325  0.857925  0.610042  0.862262  0.096637  0.793002  0.324918   \n",
       "2  0.754705  0.407673  0.458940  0.788811  0.380545  0.356489  0.266228   \n",
       "3  0.780540  0.674675  0.439044  0.258040  0.508532  0.653579  0.010269   \n",
       "4  0.414569  0.769114  0.943292  0.518043  0.472415  0.027251  0.923420   \n",
       "\n",
       "       col8      col9     col10  ...   col9991   col9992   col9993   col9994  \\\n",
       "0  0.985237  0.119935  0.927899  ...  0.983813  0.229019  0.963223  0.544037   \n",
       "1  0.025194  0.032260  0.329649  ...  0.865163  0.191472  0.154791  0.382200   \n",
       "2  0.115581  0.322107  0.120237  ...  0.386104  0.146092  0.931389  0.540215   \n",
       "3  0.287572  0.424164  0.770689  ...  0.807429  0.336267  0.130776  0.540568   \n",
       "4  0.162933  0.283660  0.197664  ...  0.770699  0.689006  0.824875  0.290480   \n",
       "\n",
       "    col9995   col9996   col9997   col9998   col9999  col10000  \n",
       "0  0.078164  0.455069  0.739897  0.427462  0.669336  0.473702  \n",
       "1  0.007445  0.365438  0.813734  0.315527  0.183483  0.222875  \n",
       "2  0.452077  0.532103  0.994630  0.250394  0.953152  0.631629  \n",
       "3  0.058014  0.355110  0.661459  0.456717  0.089870  0.730494  \n",
       "4  0.143558  0.041343  0.272126  0.757667  0.673319  0.589262  \n",
       "\n",
       "[5 rows x 10000 columns]"
      ]
     },
     "execution_count": 1,
     "metadata": {},
     "output_type": "execute_result"
    }
   ],
   "source": [
    "import pandas as pd\n",
    "df = pd.read_csv(filepath_or_buffer='/kaggle/input/100-million-random-values/100 Million Random Values.csv')\n",
    "df.head()"
   ]
  },
  {
   "cell_type": "code",
   "execution_count": 2,
   "id": "32b2beab",
   "metadata": {
    "execution": {
     "iopub.execute_input": "2023-10-04T23:20:02.092207Z",
     "iopub.status.busy": "2023-10-04T23:20:02.091851Z",
     "iopub.status.idle": "2023-10-04T23:20:02.567132Z",
     "shell.execute_reply": "2023-10-04T23:20:02.565718Z"
    },
    "papermill": {
     "duration": 0.482144,
     "end_time": "2023-10-04T23:20:02.570303",
     "exception": false,
     "start_time": "2023-10-04T23:20:02.088159",
     "status": "completed"
    },
    "tags": []
   },
   "outputs": [
    {
     "name": "stdout",
     "output_type": "stream",
     "text": [
      "<class 'pandas.core.frame.DataFrame'>\n",
      "RangeIndex: 10000 entries, 0 to 9999\n",
      "Columns: 10000 entries, col1 to col10000\n",
      "dtypes: float64(10000)\n",
      "memory usage: 762.9 MB\n"
     ]
    }
   ],
   "source": [
    "df.info()"
   ]
  },
  {
   "cell_type": "code",
   "execution_count": 3,
   "id": "ae5e9cd8",
   "metadata": {
    "execution": {
     "iopub.execute_input": "2023-10-04T23:20:02.578744Z",
     "iopub.status.busy": "2023-10-04T23:20:02.577566Z",
     "iopub.status.idle": "2023-10-04T23:20:05.225162Z",
     "shell.execute_reply": "2023-10-04T23:20:05.223925Z"
    },
    "papermill": {
     "duration": 2.654204,
     "end_time": "2023-10-04T23:20:05.227450",
     "exception": false,
     "start_time": "2023-10-04T23:20:02.573246",
     "status": "completed"
    },
    "tags": []
   },
   "outputs": [
    {
     "data": {
      "text/html": [
       "        <script type=\"text/javascript\">\n",
       "        window.PlotlyConfig = {MathJaxConfig: 'local'};\n",
       "        if (window.MathJax && window.MathJax.Hub && window.MathJax.Hub.Config) {window.MathJax.Hub.Config({SVG: {font: \"STIX-Web\"}});}\n",
       "        if (typeof require !== 'undefined') {\n",
       "        require.undef(\"plotly\");\n",
       "        requirejs.config({\n",
       "            paths: {\n",
       "                'plotly': ['https://cdn.plot.ly/plotly-2.24.1.min']\n",
       "            }\n",
       "        });\n",
       "        require(['plotly'], function(Plotly) {\n",
       "            window._Plotly = Plotly;\n",
       "        });\n",
       "        }\n",
       "        </script>\n",
       "        "
      ]
     },
     "metadata": {},
     "output_type": "display_data"
    },
    {
     "data": {
      "text/html": [
       "<div>                            <div id=\"15a53f77-7567-4dc3-bb73-d0847c8e0ef6\" class=\"plotly-graph-div\" style=\"height:525px; width:100%;\"></div>            <script type=\"text/javascript\">                require([\"plotly\"], function(Plotly) {                    window.PLOTLYENV=window.PLOTLYENV || {};                                    if (document.getElementById(\"15a53f77-7567-4dc3-bb73-d0847c8e0ef6\")) {                    Plotly.newPlot(                        \"15a53f77-7567-4dc3-bb73-d0847c8e0ef6\",                        [{\"coloraxis\":\"coloraxis\",\"name\":\"0\",\"x\":[\"col6274\",\"col7317\",\"col6378\",\"col5248\",\"col9356\",\"col5526\",\"col1640\",\"col2030\",\"col4971\",\"col8713\"],\"y\":[\"col6274\",\"col7317\",\"col6378\",\"col5248\",\"col9356\",\"col5526\",\"col1640\",\"col2030\",\"col4971\",\"col8713\"],\"z\":[[1.0,0.27872501503815217,0.2772941455743633,-0.09304558180261813,0.05731666603737257,0.34024861161378567,-0.08898180978278894,0.23588863003061186,0.20219928433712156,-0.3178658640129105],[0.27872501503815217,1.0,-0.25574852159905126,0.1580776775170551,-0.005582939701162169,0.10423197831625361,-0.3867782308846165,-0.24346187602759858,0.3036791843111104,-0.4935666825845363],[0.2772941455743633,-0.25574852159905126,1.0,-0.26562049049372516,0.11727698203037623,0.020717552582212893,-0.0035606958864370024,0.7099320390557733,-0.47769418076230835,0.5150848978941404],[-0.09304558180261813,0.1580776775170551,-0.26562049049372516,1.0,0.8117203374642787,-0.3475763541042189,-0.5512602419975706,0.045893185975906914,0.17530822333060816,0.24669955048072112],[0.05731666603737257,-0.005582939701162169,0.11727698203037623,0.8117203374642787,1.0,0.02316523970988331,-0.657672219518782,0.29565041241773676,0.21599676513935104,0.42410463670391707],[0.34024861161378567,0.10423197831625361,0.020717552582212893,-0.3475763541042189,0.02316523970988331,1.0,-0.27061709727640587,0.1145376892930996,0.21539531182850424,-0.11995261968419679],[-0.08898180978278894,-0.3867782308846165,-0.0035606958864370024,-0.5512602419975706,-0.657672219518782,-0.27061709727640587,1.0,-0.27544838253605297,-0.32075748051299985,0.01300575256032053],[0.23588863003061186,-0.24346187602759858,0.7099320390557733,0.045893185975906914,0.29565041241773676,0.1145376892930996,-0.27544838253605297,1.0,-0.28387665738410034,0.6542028589350346],[0.20219928433712156,0.3036791843111104,-0.47769418076230835,0.17530822333060816,0.21599676513935104,0.21539531182850424,-0.32075748051299985,-0.28387665738410034,1.0,-0.5572459630749966],[-0.3178658640129105,-0.4935666825845363,0.5150848978941404,0.24669955048072112,0.42410463670391707,-0.11995261968419679,0.01300575256032053,0.6542028589350346,-0.5572459630749966,1.0]],\"type\":\"heatmap\",\"xaxis\":\"x\",\"yaxis\":\"y\",\"hovertemplate\":\"x: %{x}\\u003cbr\\u003ey: %{y}\\u003cbr\\u003ecolor: %{z}\\u003cextra\\u003e\\u003c\\u002fextra\\u003e\"}],                        {\"template\":{\"data\":{\"histogram2dcontour\":[{\"type\":\"histogram2dcontour\",\"colorbar\":{\"outlinewidth\":0,\"ticks\":\"\"},\"colorscale\":[[0.0,\"#0d0887\"],[0.1111111111111111,\"#46039f\"],[0.2222222222222222,\"#7201a8\"],[0.3333333333333333,\"#9c179e\"],[0.4444444444444444,\"#bd3786\"],[0.5555555555555556,\"#d8576b\"],[0.6666666666666666,\"#ed7953\"],[0.7777777777777778,\"#fb9f3a\"],[0.8888888888888888,\"#fdca26\"],[1.0,\"#f0f921\"]]}],\"choropleth\":[{\"type\":\"choropleth\",\"colorbar\":{\"outlinewidth\":0,\"ticks\":\"\"}}],\"histogram2d\":[{\"type\":\"histogram2d\",\"colorbar\":{\"outlinewidth\":0,\"ticks\":\"\"},\"colorscale\":[[0.0,\"#0d0887\"],[0.1111111111111111,\"#46039f\"],[0.2222222222222222,\"#7201a8\"],[0.3333333333333333,\"#9c179e\"],[0.4444444444444444,\"#bd3786\"],[0.5555555555555556,\"#d8576b\"],[0.6666666666666666,\"#ed7953\"],[0.7777777777777778,\"#fb9f3a\"],[0.8888888888888888,\"#fdca26\"],[1.0,\"#f0f921\"]]}],\"heatmap\":[{\"type\":\"heatmap\",\"colorbar\":{\"outlinewidth\":0,\"ticks\":\"\"},\"colorscale\":[[0.0,\"#0d0887\"],[0.1111111111111111,\"#46039f\"],[0.2222222222222222,\"#7201a8\"],[0.3333333333333333,\"#9c179e\"],[0.4444444444444444,\"#bd3786\"],[0.5555555555555556,\"#d8576b\"],[0.6666666666666666,\"#ed7953\"],[0.7777777777777778,\"#fb9f3a\"],[0.8888888888888888,\"#fdca26\"],[1.0,\"#f0f921\"]]}],\"heatmapgl\":[{\"type\":\"heatmapgl\",\"colorbar\":{\"outlinewidth\":0,\"ticks\":\"\"},\"colorscale\":[[0.0,\"#0d0887\"],[0.1111111111111111,\"#46039f\"],[0.2222222222222222,\"#7201a8\"],[0.3333333333333333,\"#9c179e\"],[0.4444444444444444,\"#bd3786\"],[0.5555555555555556,\"#d8576b\"],[0.6666666666666666,\"#ed7953\"],[0.7777777777777778,\"#fb9f3a\"],[0.8888888888888888,\"#fdca26\"],[1.0,\"#f0f921\"]]}],\"contourcarpet\":[{\"type\":\"contourcarpet\",\"colorbar\":{\"outlinewidth\":0,\"ticks\":\"\"}}],\"contour\":[{\"type\":\"contour\",\"colorbar\":{\"outlinewidth\":0,\"ticks\":\"\"},\"colorscale\":[[0.0,\"#0d0887\"],[0.1111111111111111,\"#46039f\"],[0.2222222222222222,\"#7201a8\"],[0.3333333333333333,\"#9c179e\"],[0.4444444444444444,\"#bd3786\"],[0.5555555555555556,\"#d8576b\"],[0.6666666666666666,\"#ed7953\"],[0.7777777777777778,\"#fb9f3a\"],[0.8888888888888888,\"#fdca26\"],[1.0,\"#f0f921\"]]}],\"surface\":[{\"type\":\"surface\",\"colorbar\":{\"outlinewidth\":0,\"ticks\":\"\"},\"colorscale\":[[0.0,\"#0d0887\"],[0.1111111111111111,\"#46039f\"],[0.2222222222222222,\"#7201a8\"],[0.3333333333333333,\"#9c179e\"],[0.4444444444444444,\"#bd3786\"],[0.5555555555555556,\"#d8576b\"],[0.6666666666666666,\"#ed7953\"],[0.7777777777777778,\"#fb9f3a\"],[0.8888888888888888,\"#fdca26\"],[1.0,\"#f0f921\"]]}],\"mesh3d\":[{\"type\":\"mesh3d\",\"colorbar\":{\"outlinewidth\":0,\"ticks\":\"\"}}],\"scatter\":[{\"fillpattern\":{\"fillmode\":\"overlay\",\"size\":10,\"solidity\":0.2},\"type\":\"scatter\"}],\"parcoords\":[{\"type\":\"parcoords\",\"line\":{\"colorbar\":{\"outlinewidth\":0,\"ticks\":\"\"}}}],\"scatterpolargl\":[{\"type\":\"scatterpolargl\",\"marker\":{\"colorbar\":{\"outlinewidth\":0,\"ticks\":\"\"}}}],\"bar\":[{\"error_x\":{\"color\":\"#2a3f5f\"},\"error_y\":{\"color\":\"#2a3f5f\"},\"marker\":{\"line\":{\"color\":\"#E5ECF6\",\"width\":0.5},\"pattern\":{\"fillmode\":\"overlay\",\"size\":10,\"solidity\":0.2}},\"type\":\"bar\"}],\"scattergeo\":[{\"type\":\"scattergeo\",\"marker\":{\"colorbar\":{\"outlinewidth\":0,\"ticks\":\"\"}}}],\"scatterpolar\":[{\"type\":\"scatterpolar\",\"marker\":{\"colorbar\":{\"outlinewidth\":0,\"ticks\":\"\"}}}],\"histogram\":[{\"marker\":{\"pattern\":{\"fillmode\":\"overlay\",\"size\":10,\"solidity\":0.2}},\"type\":\"histogram\"}],\"scattergl\":[{\"type\":\"scattergl\",\"marker\":{\"colorbar\":{\"outlinewidth\":0,\"ticks\":\"\"}}}],\"scatter3d\":[{\"type\":\"scatter3d\",\"line\":{\"colorbar\":{\"outlinewidth\":0,\"ticks\":\"\"}},\"marker\":{\"colorbar\":{\"outlinewidth\":0,\"ticks\":\"\"}}}],\"scattermapbox\":[{\"type\":\"scattermapbox\",\"marker\":{\"colorbar\":{\"outlinewidth\":0,\"ticks\":\"\"}}}],\"scatterternary\":[{\"type\":\"scatterternary\",\"marker\":{\"colorbar\":{\"outlinewidth\":0,\"ticks\":\"\"}}}],\"scattercarpet\":[{\"type\":\"scattercarpet\",\"marker\":{\"colorbar\":{\"outlinewidth\":0,\"ticks\":\"\"}}}],\"carpet\":[{\"aaxis\":{\"endlinecolor\":\"#2a3f5f\",\"gridcolor\":\"white\",\"linecolor\":\"white\",\"minorgridcolor\":\"white\",\"startlinecolor\":\"#2a3f5f\"},\"baxis\":{\"endlinecolor\":\"#2a3f5f\",\"gridcolor\":\"white\",\"linecolor\":\"white\",\"minorgridcolor\":\"white\",\"startlinecolor\":\"#2a3f5f\"},\"type\":\"carpet\"}],\"table\":[{\"cells\":{\"fill\":{\"color\":\"#EBF0F8\"},\"line\":{\"color\":\"white\"}},\"header\":{\"fill\":{\"color\":\"#C8D4E3\"},\"line\":{\"color\":\"white\"}},\"type\":\"table\"}],\"barpolar\":[{\"marker\":{\"line\":{\"color\":\"#E5ECF6\",\"width\":0.5},\"pattern\":{\"fillmode\":\"overlay\",\"size\":10,\"solidity\":0.2}},\"type\":\"barpolar\"}],\"pie\":[{\"automargin\":true,\"type\":\"pie\"}]},\"layout\":{\"autotypenumbers\":\"strict\",\"colorway\":[\"#636efa\",\"#EF553B\",\"#00cc96\",\"#ab63fa\",\"#FFA15A\",\"#19d3f3\",\"#FF6692\",\"#B6E880\",\"#FF97FF\",\"#FECB52\"],\"font\":{\"color\":\"#2a3f5f\"},\"hovermode\":\"closest\",\"hoverlabel\":{\"align\":\"left\"},\"paper_bgcolor\":\"white\",\"plot_bgcolor\":\"#E5ECF6\",\"polar\":{\"bgcolor\":\"#E5ECF6\",\"angularaxis\":{\"gridcolor\":\"white\",\"linecolor\":\"white\",\"ticks\":\"\"},\"radialaxis\":{\"gridcolor\":\"white\",\"linecolor\":\"white\",\"ticks\":\"\"}},\"ternary\":{\"bgcolor\":\"#E5ECF6\",\"aaxis\":{\"gridcolor\":\"white\",\"linecolor\":\"white\",\"ticks\":\"\"},\"baxis\":{\"gridcolor\":\"white\",\"linecolor\":\"white\",\"ticks\":\"\"},\"caxis\":{\"gridcolor\":\"white\",\"linecolor\":\"white\",\"ticks\":\"\"}},\"coloraxis\":{\"colorbar\":{\"outlinewidth\":0,\"ticks\":\"\"}},\"colorscale\":{\"sequential\":[[0.0,\"#0d0887\"],[0.1111111111111111,\"#46039f\"],[0.2222222222222222,\"#7201a8\"],[0.3333333333333333,\"#9c179e\"],[0.4444444444444444,\"#bd3786\"],[0.5555555555555556,\"#d8576b\"],[0.6666666666666666,\"#ed7953\"],[0.7777777777777778,\"#fb9f3a\"],[0.8888888888888888,\"#fdca26\"],[1.0,\"#f0f921\"]],\"sequentialminus\":[[0.0,\"#0d0887\"],[0.1111111111111111,\"#46039f\"],[0.2222222222222222,\"#7201a8\"],[0.3333333333333333,\"#9c179e\"],[0.4444444444444444,\"#bd3786\"],[0.5555555555555556,\"#d8576b\"],[0.6666666666666666,\"#ed7953\"],[0.7777777777777778,\"#fb9f3a\"],[0.8888888888888888,\"#fdca26\"],[1.0,\"#f0f921\"]],\"diverging\":[[0,\"#8e0152\"],[0.1,\"#c51b7d\"],[0.2,\"#de77ae\"],[0.3,\"#f1b6da\"],[0.4,\"#fde0ef\"],[0.5,\"#f7f7f7\"],[0.6,\"#e6f5d0\"],[0.7,\"#b8e186\"],[0.8,\"#7fbc41\"],[0.9,\"#4d9221\"],[1,\"#276419\"]]},\"xaxis\":{\"gridcolor\":\"white\",\"linecolor\":\"white\",\"ticks\":\"\",\"title\":{\"standoff\":15},\"zerolinecolor\":\"white\",\"automargin\":true,\"zerolinewidth\":2},\"yaxis\":{\"gridcolor\":\"white\",\"linecolor\":\"white\",\"ticks\":\"\",\"title\":{\"standoff\":15},\"zerolinecolor\":\"white\",\"automargin\":true,\"zerolinewidth\":2},\"scene\":{\"xaxis\":{\"backgroundcolor\":\"#E5ECF6\",\"gridcolor\":\"white\",\"linecolor\":\"white\",\"showbackground\":true,\"ticks\":\"\",\"zerolinecolor\":\"white\",\"gridwidth\":2},\"yaxis\":{\"backgroundcolor\":\"#E5ECF6\",\"gridcolor\":\"white\",\"linecolor\":\"white\",\"showbackground\":true,\"ticks\":\"\",\"zerolinecolor\":\"white\",\"gridwidth\":2},\"zaxis\":{\"backgroundcolor\":\"#E5ECF6\",\"gridcolor\":\"white\",\"linecolor\":\"white\",\"showbackground\":true,\"ticks\":\"\",\"zerolinecolor\":\"white\",\"gridwidth\":2}},\"shapedefaults\":{\"line\":{\"color\":\"#2a3f5f\"}},\"annotationdefaults\":{\"arrowcolor\":\"#2a3f5f\",\"arrowhead\":0,\"arrowwidth\":1},\"geo\":{\"bgcolor\":\"white\",\"landcolor\":\"#E5ECF6\",\"subunitcolor\":\"white\",\"showland\":true,\"showlakes\":true,\"lakecolor\":\"white\"},\"title\":{\"x\":0.05},\"mapbox\":{\"style\":\"light\"}}},\"xaxis\":{\"anchor\":\"y\",\"domain\":[0.0,1.0],\"scaleanchor\":\"y\",\"constrain\":\"domain\"},\"yaxis\":{\"anchor\":\"x\",\"domain\":[0.0,1.0],\"autorange\":\"reversed\",\"constrain\":\"domain\"},\"coloraxis\":{\"colorscale\":[[0.0,\"#0d0887\"],[0.1111111111111111,\"#46039f\"],[0.2222222222222222,\"#7201a8\"],[0.3333333333333333,\"#9c179e\"],[0.4444444444444444,\"#bd3786\"],[0.5555555555555556,\"#d8576b\"],[0.6666666666666666,\"#ed7953\"],[0.7777777777777778,\"#fb9f3a\"],[0.8888888888888888,\"#fdca26\"],[1.0,\"#f0f921\"]]},\"margin\":{\"t\":60}},                        {\"responsive\": true}                    ).then(function(){\n",
       "                            \n",
       "var gd = document.getElementById('15a53f77-7567-4dc3-bb73-d0847c8e0ef6');\n",
       "var x = new MutationObserver(function (mutations, observer) {{\n",
       "        var display = window.getComputedStyle(gd).display;\n",
       "        if (!display || display === 'none') {{\n",
       "            console.log([gd, 'removed!']);\n",
       "            Plotly.purge(gd);\n",
       "            observer.disconnect();\n",
       "        }}\n",
       "}});\n",
       "\n",
       "// Listen for the removal of the full notebook cells\n",
       "var notebookContainer = gd.closest('#notebook-container');\n",
       "if (notebookContainer) {{\n",
       "    x.observe(notebookContainer, {childList: true});\n",
       "}}\n",
       "\n",
       "// Listen for the clearing of the current output cell\n",
       "var outputEl = gd.closest('.output');\n",
       "if (outputEl) {{\n",
       "    x.observe(outputEl, {childList: true});\n",
       "}}\n",
       "\n",
       "                        })                };                });            </script>        </div>"
      ]
     },
     "metadata": {},
     "output_type": "display_data"
    }
   ],
   "source": [
    "from plotly.express import imshow\n",
    "from random import sample\n",
    "from random import seed\n",
    "seed(2023)\n",
    "columns = sample(population=df.columns.tolist(), k=10)\n",
    "imshow(img=df[columns].sample(n=10, random_state=2023).corr())"
   ]
  },
  {
   "cell_type": "code",
   "execution_count": 4,
   "id": "28c5c348",
   "metadata": {
    "execution": {
     "iopub.execute_input": "2023-10-04T23:20:05.235403Z",
     "iopub.status.busy": "2023-10-04T23:20:05.234717Z",
     "iopub.status.idle": "2023-10-04T23:20:05.394450Z",
     "shell.execute_reply": "2023-10-04T23:20:05.393020Z"
    },
    "papermill": {
     "duration": 0.166431,
     "end_time": "2023-10-04T23:20:05.397018",
     "exception": false,
     "start_time": "2023-10-04T23:20:05.230587",
     "status": "completed"
    },
    "tags": []
   },
   "outputs": [
    {
     "data": {
      "text/html": [
